0	6
1	2
2	2
3	6
4	4
5	6
6	3
7	3
8	4
9	5
10	3
11	5
12	3
13	4
14	4
15	6
16	5
17	5
18	3
19	6
20	1
21	5
22	1
23	2
24	1
25	5
26	3
27	5
28	3
29	6
30	5
31	5
32	6
33	5
34	5
35	3
36	3
37	2
38	5
39	4
40	3
41	1
42	5
43	3
44	5
45	2
46	3
47	5
48	6
49	3
50	4
51	3
52	2
53	3
54	3
55	2
56	1
57	1
58	5
59	5
60	6
61	5
62	6
63	1
64	5
65	5
66	1
67	2
68	3
69	5
70	5
71	2
72	1
73	1
74	3
75	5
76	4
77	5
78	5
79	2
80	4
81	6
82	4
83	3
84	5
85	3
86	4
87	1
88	6
89	4
90	5
91	3
92	3
93	3
94	5
95	3
96	5
97	2
98	5
99	6
100	5
101	4
102	3
103	3
104	5
105	4
106	4
107	3
108	3
109	3
110	5
111	5
112	1
113	4
114	3
115	5
116	3
117	6
118	1
119	1
120	1
121	3
122	6
123	3
124	3
125	6
126	3
127	5
128	1
129	3
130	4
131	2
132	4
133	3
134	3
135	4
136	1
137	5
138	4
139	6
140	4
141	6
142	1
143	5
144	3
145	2
146	2
147	4
148	5
149	4
150	3
151	2
152	5
153	2
154	4
155	1
156	5
157	5
158	2
159	4
160	5
161	3
162	2
163	1
164	5
165	2
166	3
167	3
168	5
169	6
170	5
171	5
172	3
173	5
174	5
175	5
176	3
177	3
178	6
179	2
180	5
181	6
182	1
183	3
184	3
185	4
186	3
187	4
188	2
189	5
190	5
191	1
192	6
193	3
194	1
195	5
196	3
197	4
198	5
199	5
200	5
201	6
202	3
203	4
204	6
205	1
206	4
207	3
208	5
209	3
210	6
211	6
212	4
213	2
214	6
215	6
216	4
217	5
218	4
219	1
220	6
221	6
222	2
223	2
224	6
225	2
226	5
227	2
228	3
229	1
230	3
231	5
232	3
233	3
234	3
235	2
236	5
237	5
238	5
239	1
240	6
241	3
242	3
243	4
244	6
245	1
246	5
247	5
248	6
249	3
250	3
251	5
252	4
253	5
254	2
255	5
256	3
257	4
258	3
259	3
260	5
261	3
262	1
263	5
264	2
265	5
266	4
267	1
268	3
269	6
270	6
271	5
272	3
273	3
274	5
275	6
276	5
277	1
278	2
279	6
280	4
281	6
282	6
283	3
284	2
285	5
286	3
287	5
288	3
289	2
290	6
291	3
292	1
293	3
294	3
295	3
296	6
297	1
298	1
299	3
300	6
301	3
302	1
303	3
304	3
305	3
306	5
307	4
308	5
309	2
310	3
311	5
312	4
313	3
314	3
315	2
316	5
317	6
318	1
319	4
320	2
321	6
322	5
323	3
324	5
325	1
326	3
327	1
328	2
329	3
330	3
331	5
332	6
333	5
334	3
335	4
336	4
337	6
338	6
339	6
340	5
341	5
342	2
343	1
344	2
345	4
346	5
347	1
348	3
349	3
350	2
351	3
352	3
353	1
354	3
355	5
356	3
357	4
358	6
359	3
360	3
361	3
362	4
363	5
364	3
365	6
366	3
367	2
368	5
369	3
370	4
371	2
372	3
373	3
374	2
375	6
376	4
377	2
378	5
379	6
380	6
381	4
382	1
383	1
384	2
385	5
386	5
387	1
388	6
389	4
390	2
391	6
392	5
393	5
394	3
395	3
396	4
397	4
398	6
399	6
400	1
401	1
402	5
403	4
404	5
405	5
406	1
407	4
408	5
409	3
410	3
411	5
412	2
413	6
414	5
415	5
416	3
417	3
418	5
419	1
420	5
421	3
422	5
423	3
424	3
425	1
426	5
427	6
428	5
429	5
430	5
431	2
432	2
433	6
434	3
435	5
436	5
437	6
438	1
439	5
440	5
441	1
442	6
443	3
444	3
445	3
446	2
447	5
448	3
449	6
450	4
451	1
452	5
453	4
454	5
455	4
456	3
457	1
458	5
459	4
460	3
461	5
462	5
463	5
464	1
465	1
466	3
467	3
468	6
469	5
470	1
471	5
472	1
473	1
474	5
475	5
476	6
477	3
478	3
479	6
480	4
481	5
482	5
483	3
484	6
485	3
486	4
487	5
488	3
489	6
490	3
491	6
492	6
493	1
494	2
495	2
496	2
497	4
498	1
499	4
500	2
501	3
502	3
503	5
504	4
505	5
506	5
507	1
508	5
509	6
510	6
511	6
512	3
513	5
514	2
515	6
516	5
517	1
518	1
519	1
520	1
521	3
522	3
523	2
524	5
525	5
526	3
527	5
528	3
529	4
530	5
531	6
532	3
533	4
534	5
535	1
536	4
537	4
538	5
539	3
540	3
541	4
542	3
543	5
544	5
545	4
546	3
547	1
548	6
549	3
550	6
551	5
552	1
553	3
554	4
555	3
556	5
557	4
558	3
559	5
560	5
561	1
562	5
563	3
564	1
565	1
566	5
567	5
568	3
569	3
570	3
571	2
572	3
573	5
574	1
575	6
576	5
577	1
578	2
579	2
580	3
581	1
582	6
583	5
584	4
585	1
586	5
587	5
588	2
589	5
590	2
591	1
592	6
593	3
594	2
595	6
596	3
597	3
598	5
599	5
600	6
601	3
602	3
603	3
604	5
605	1
606	5
607	3
608	3
609	5
610	6
611	5
612	6
613	1
614	3
615	5
616	6
617	5
618	1
619	2
620	1
621	5
622	6
623	3
624	3
625	4
626	5
627	5
628	3
629	5
630	3
631	4
632	4
633	5
634	6
635	5
636	1
637	5
638	3
639	5
640	5
641	4
642	5
643	6
644	6
645	6
646	3
647	1
648	5
649	5
650	5
651	5
652	5
653	1
654	3
655	1
656	4
657	5
658	2
659	2
660	4
661	5
662	5
663	3
664	1
665	5
666	5
667	3
668	6
669	3
670	5
671	6
672	6
673	3
674	5
675	5
676	5
677	5
678	5
679	6
680	3
681	3
682	3
683	5
684	5
685	3
686	3
687	1
688	5
689	4
690	5
691	6
692	4
693	3
694	6
695	6
696	6
697	3
698	5
699	1
700	5
701	6
702	3
703	1
704	5
705	1
706	5
707	4
708	5
709	1
710	5
711	3
712	5
713	3
714	5
715	3
716	3
717	6
718	6
719	6
720	5
721	3
722	5
723	1
724	5
725	1
726	1
727	4
728	3
729	2
730	6
731	1
732	1
733	1
734	4
735	4
736	3
737	4
738	3
739	5
740	5
741	5
742	6
743	4
744	1
745	5
746	6
747	5
748	6
749	4
750	3
751	3
752	1
753	5
754	3
755	4
756	6
757	1
758	3
759	4
760	1
761	2
762	6
763	5
764	1
765	5
766	1
767	1
768	2
769	3
770	3
771	5
772	3
773	1
774	1
775	3
776	3
777	5
778	6
779	5
780	6
781	3
782	1
783	3
784	3
785	3
786	1
787	3
788	3
789	6
790	5
791	3
792	3
793	3
794	3
795	3
796	1
797	6
798	6
799	5
800	5
801	6
802	3
803	1
804	3
805	3
806	4
807	5
808	6
809	3
810	5
811	5
812	5
813	5
814	6
815	6
816	4
817	4
818	2
819	5
820	2
821	5
822	5
823	4
824	6
825	5
826	2
827	5
828	6
829	5
830	6
831	1
832	3
833	1
834	2
835	6
836	3
837	5
838	3
839	1
840	2
841	2
842	5
843	4
844	1
845	1
846	5
847	4
848	6
849	5
850	4
851	5
852	3
853	5
854	3
855	6
856	4
857	5
858	3
859	4
860	4
861	3
862	6
863	4
864	3
865	3
866	5
867	3
868	5
869	5
870	3
871	4
872	3
873	1
874	3
875	3
876	5
877	5
878	6
879	3
880	6
881	6
882	2
883	5
884	4
885	3
886	3
887	6
888	2
889	2
890	6
891	3
892	6
893	1
894	6
895	3
896	5
897	2
898	1
899	1
900	6
901	3
902	6
903	5
904	3
905	1
906	2
907	6
908	2
909	2
910	6
911	5
912	5
913	3
914	5
915	5
916	6
917	1
918	6
919	1
920	6
921	3
922	4
923	5
924	1
925	6
926	3
927	5
928	5
929	2
930	5
931	1
932	5
933	3
934	6
935	3
936	6
937	5
938	5
939	5
940	1
941	6
942	5
943	1
944	6
945	5
946	6
947	6
948	5
949	2
950	4
951	3
952	2
953	1
954	2
955	4
956	3
957	2
958	6
959	6
960	1
961	4
962	1
963	6
964	5
965	1
966	1
967	3
968	6
969	5
970	1
971	4
972	5
973	5
974	5
975	3
976	1
977	5
978	1
979	4
980	5
981	5
982	5
983	3
984	5
985	4
986	5
987	3
988	5
989	3
990	5
991	5
992	5
993	1
994	5
995	3
996	6
997	5
998	6
999	3
1000	6
1001	4
1002	1
1003	5
1004	5
1005	4
1006	5
1007	5
1008	3
1009	2
1010	3
1011	3
1012	4
1013	2
1014	3
1015	5
1016	4
1017	6
1018	4
1019	3
1020	6
1021	1
1022	5
1023	2
1024	3
1025	3
1026	6
1027	6
1028	4
1029	1
1030	5
1031	4
1032	6
1033	3
1034	4
1035	1
1036	2
1037	1
1038	2
1039	1
1040	6
1041	6
1042	5
1043	4
1044	5
1045	3
1046	5
1047	5
1048	5
1049	5
1050	3
1051	3
1052	5
1053	5
1054	3
1055	3
1056	6
1057	3
1058	1
1059	1
1060	6
1061	2
1062	6
1063	2
1064	2
1065	5
1066	2
1067	1
1068	3
1069	5
1070	4
1071	1
1072	4
1073	5
1074	3
1075	3
1076	1
1077	3
1078	2
1079	3
1080	5
1081	4
1082	3
1083	5
1084	1
1085	6
1086	4
1087	3
1088	3
1089	1
1090	6
1091	6
1092	1
1093	4
1094	5
1095	4
1096	6
1097	4
1098	3
1099	5
1100	4
1101	5
1102	4
1103	2
1104	3
1105	3
1106	3
1107	3
1108	5
1109	4
1110	1
1111	6
1112	3
1113	6
1114	4
1115	3
1116	6
1117	3
1118	6
1119	2
1120	6
1121	5
1122	1
1123	3
1124	5
1125	4
1126	3
1127	3
1128	3
1129	5
1130	3
1131	6
1132	1
1133	5
1134	2
1135	1
1136	1
1137	5
1138	5
1139	5
1140	4
1141	1
1142	5
1143	6
1144	1
1145	6
1146	4
1147	2
1148	3
1149	1
1150	1
1151	3
1152	3
1153	3
1154	2
1155	3
1156	1
1157	2
1158	2
1159	4
1160	5
1161	4
1162	4
1163	5
1164	4
1165	3
1166	4
1167	6
1168	1
1169	1
1170	5
1171	3
1172	3
1173	6
1174	4
1175	2
1176	4
1177	3
1178	4
1179	5
1180	5
1181	3
1182	5
1183	1
1184	4
1185	4
1186	3
1187	1
1188	1
1189	5
1190	3
1191	1
1192	1
1193	3
1194	3
1195	1
1196	5
1197	2
1198	5
1199	1
1200	5
1201	1
1202	6
1203	1
1204	4
1205	6
1206	5
1207	5
1208	4
1209	6
1210	3
1211	3
1212	6
1213	6
1214	5
1215	1
1216	6
1217	4
1218	6
1219	4
1220	2
1221	5
1222	4
1223	5
1224	5
1225	5
1226	6
1227	3
1228	1
1229	6
1230	6
1231	5
1232	3
1233	1
1234	6
1235	2
1236	4
1237	3
1238	5
1239	5
1240	5
1241	4
1242	5
1243	3
1244	6
1245	5
1246	4
1247	5
1248	6
1249	6
1250	3
1251	4
1252	1
1253	4
1254	6
1255	2
1256	4
1257	2
1258	3
1259	5
1260	4
1261	5
1262	5
1263	5
1264	5
1265	5
1266	1
1267	3
1268	6
1269	3
1270	5
1271	4
1272	5
1273	4
1274	3
1275	5
1276	4
1277	1
1278	1
1279	3
1280	3
1281	3
1282	4
1283	4
1284	2
1285	1
1286	5
1287	5
1288	5
1289	6
1290	4
1291	5
1292	5
1293	3
1294	6
1295	5
1296	2
1297	2
1298	3
1299	3
1300	3
1301	1
1302	1
1303	3
1304	3
1305	2
1306	3
1307	5
1308	1
1309	5
1310	4
1311	5
1312	6
1313	5
1314	3
1315	1
1316	1
1317	3
1318	3
1319	1
1320	6
1321	2
1322	1
1323	2
1324	3
1325	1
1326	4
1327	1
1328	2
1329	3
1330	5
1331	3
1332	3
1333	5
1334	4
1335	3
1336	4
1337	4
1338	6
1339	3
1340	2
1341	3
1342	4
1343	3
1344	5
1345	6
1346	2
1347	3
1348	3
1349	1
1350	4
1351	5
1352	5
1353	6
1354	6
1355	3
1356	1
1357	5
1358	6
1359	5
1360	3
1361	1
1362	1
1363	6
1364	3
1365	6
1366	3
1367	5
1368	5
1369	1
1370	3
1371	1
1372	3
1373	5
1374	3
1375	3
1376	3
1377	5
1378	3
1379	4
1380	3
1381	3
1382	1
1383	1
1384	3
1385	3
1386	1
1387	1
1388	3
1389	2
1390	2
1391	6
1392	3
1393	3
1394	6
1395	3
1396	5
1397	2
1398	3
1399	3
1400	5
1401	5
1402	3
1403	5
1404	1
1405	5
1406	1
1407	1
1408	5
1409	6
1410	3
1411	1
1412	5
1413	3
1414	3
1415	1
1416	3
1417	6
1418	4
1419	6
1420	3
1421	5
1422	3
1423	3
1424	5
1425	2
1426	3
1427	3
1428	3
1429	1
1430	3
1431	6
1432	3
1433	4
1434	3
1435	5
1436	3
1437	4
1438	1
1439	3
1440	1
1441	5
1442	6
1443	5
1444	3
1445	3
1446	3
1447	6
1448	3
1449	3
1450	6
1451	3
1452	6
1453	3
1454	6
1455	3
1456	1
1457	6
1458	2
1459	5
1460	4
1461	1
1462	1
1463	6
1464	3
1465	6
1466	4
1467	2
1468	1
1469	6
1470	3
1471	2
1472	4
1473	4
1474	3
1475	3
1476	4
1477	6
1478	3
1479	4
1480	3
1481	4
1482	1
1483	2
1484	3
1485	1
1486	1
1487	1
1488	3
1489	3
1490	3
1491	3
1492	3
1493	1
1494	4
1495	3
1496	3
1497	4
1498	3
1499	2
1500	2
1501	5
1502	2
1503	4
1504	3
1505	5
1506	6
1507	5
1508	3
1509	3
1510	4
1511	6
1512	3
1513	3
1514	3
1515	2
1516	5
1517	4
1518	6
1519	2
1520	4
1521	3
1522	6
1523	3
1524	6
1525	6
1526	5
1527	3
1528	1
1529	4
1530	6
1531	6
1532	6
1533	5
1534	3
1535	3
1536	2
1537	1
1538	5
1539	3
1540	4
1541	5
1542	5
1543	3
1544	1
1545	6
1546	5
1547	3
1548	6
1549	5
1550	6
1551	1
1552	5
1553	3
1554	6
1555	4
1556	4
1557	1
1558	5
1559	4
1560	4
1561	5
1562	1
1563	5
1564	4
1565	2
1566	4
1567	1
1568	5
1569	1
1570	5
1571	5
1572	6
1573	1
1574	1
1575	3
1576	3
1577	1
1578	3
1579	5
1580	5
1581	2
1582	4
1583	6
1584	3
1585	4
1586	3
1587	3
1588	3
1589	3
1590	3
1591	6
1592	3
1593	3
1594	6
1595	5
1596	6
1597	5
1598	2
1599	2
1600	3
1601	5
1602	3
1603	5
1604	6
1605	4
1606	4
1607	4
1608	1
1609	5
1610	1
1611	2
1612	6
1613	2
1614	3
1615	5
1616	6
1617	3
1618	2
1619	5
1620	3
1621	6
1622	3
1623	3
1624	1
1625	4
1626	6
1627	4
1628	4
1629	6
1630	1
1631	5
1632	2
1633	2
1634	3
1635	5
1636	4
1637	2
1638	1
1639	4
1640	1
1641	4
1642	3
1643	6
1644	1
1645	5
1646	3
1647	4
1648	1
1649	3
1650	5
1651	6
1652	4
1653	5
1654	2
1655	4
1656	6
1657	3
1658	4
1659	1
1660	4
1661	3
1662	3
1663	3
1664	2
1665	4
1666	6
1667	6
1668	4
1669	5
1670	1
1671	5
1672	4
1673	3
1674	3
1675	6
1676	6
1677	1
1678	3
1679	3
1680	6
1681	1
1682	2
1683	6
1684	5
1685	3
1686	5
1687	1
1688	5
1689	2
1690	1
1691	1
1692	2
1693	1
1694	3
1695	1
1696	2
1697	1
1698	4
1699	2
1700	6
1701	2
1702	3
1703	6
1704	1
1705	6
1706	4
1707	4
1708	5
1709	3
1710	2
1711	6
1712	6
1713	3
1714	4
1715	5
1716	5
1717	6
1718	5
1719	1
1720	6
1721	1
1722	5
1723	5
1724	5
1725	2
1726	3
1727	3
1728	5
1729	6
1730	2
1731	5
1732	4
1733	4
1734	3
1735	1
1736	3
1737	4
1738	2
1739	2
1740	5
1741	4
1742	2
1743	6
1744	3
1745	5
1746	6
1747	5
1748	5
1749	3
1750	2
1751	3
1752	5
1753	6
1754	5
1755	2
1756	5
1757	5
1758	5
1759	5
1760	4
1761	1
1762	4
1763	5
1764	5
1765	4
1766	5
1767	2
1768	3
1769	1
1770	6
1771	1
1772	5
1773	3
1774	5
1775	3
1776	3
1777	6
1778	4
1779	2
1780	5
1781	3
1782	3
1783	3
1784	3
1785	4
1786	3
1787	2
1788	6
1789	1
1790	1
1791	5
1792	3
1793	4
1794	4
1795	5
1796	2
1797	1
1798	5
1799	3
1800	4
1801	1
1802	3
1803	3
1804	6
1805	5
1806	2
1807	2
1808	3
1809	6
1810	3
1811	2
1812	5
1813	3
1814	3
1815	6
1816	2
1817	4
1818	3
1819	3
1820	6
1821	5
1822	1
1823	6
1824	1
1825	5
1826	2
1827	2
1828	6
1829	3
1830	4
1831	1
1832	1
1833	1
1834	4
1835	3
1836	5
1837	5
1838	5
1839	1
1840	3
1841	2
1842	3
1843	3
1844	3
1845	2
1846	4
1847	1
1848	5
1849	5
1850	1
1851	3
1852	1
1853	1
1854	6
1855	1
1856	4
1857	5
1858	6
1859	3
1860	2
1861	3
1862	5
1863	1
1864	3
1865	1
1866	5
1867	4
1868	6
1869	3
1870	2
1871	4
1872	1
1873	2
1874	1
1875	5
1876	4
1877	2
1878	5
1879	1
1880	3
1881	2
1882	3
1883	3
1884	2
1885	6
1886	5
1887	3
1888	5
1889	4
1890	2
1891	1
1892	3
1893	5
1894	3
1895	4
1896	3
1897	6
1898	6
1899	3
1900	3
1901	2
1902	1
1903	1
1904	5
1905	5
1906	4
1907	4
1908	3
1909	3
1910	5
1911	3
1912	6
1913	3
1914	6
1915	5
1916	5
1917	5
1918	3
1919	1
1920	6
1921	1
1922	5
1923	3
1924	4
1925	5
1926	1
1927	4
1928	3
1929	5
1930	1
1931	2
1932	6
1933	4
1934	1
1935	4
1936	6
1937	3
1938	4
1939	2
1940	4
1941	6
1942	3
1943	5
1944	5
1945	3
1946	3
1947	2
1948	5
1949	3
1950	6
1951	5
1952	5
1953	1
1954	6
1955	3
1956	5
1957	5
1958	3
1959	5
1960	6
1961	3
1962	5
1963	2
1964	1
1965	1
1966	1
1967	1
1968	2
1969	4
1970	6
1971	4
1972	2
1973	2
1974	6
1975	3
1976	3
1977	5
1978	5
1979	5
1980	5
1981	3
1982	6
1983	1
1984	3
1985	1
1986	3
1987	6
1988	6
1989	1
1990	1
1991	3
1992	5
1993	4
1994	1
1995	1
1996	6
1997	1
1998	4
1999	6
2000	5
2001	4
2002	6
2003	3
2004	5
2005	4
2006	3
2007	1
2008	3
2009	6
2010	1
2011	4
2012	4
2013	2
2014	5
2015	4
2016	1
2017	1
2018	3
2019	4
2020	5
2021	5
2022	1
2023	3
2024	5
2025	6
2026	2
2027	5
2028	5
2029	5
2030	6
2031	1
2032	5
2033	6
2034	1
2035	5
2036	1
2037	6
2038	1
2039	3
2040	6
2041	1
2042	3
2043	5
2044	6
2045	4
2046	1
2047	1
2048	6
2049	6
2050	6
2051	3
2052	1
2053	3
2054	1
2055	3
2056	3
2057	4
2058	3
2059	2
2060	2
2061	3
2062	6
2063	4
2064	6
2065	3
2066	2
2067	5
2068	3
2069	5
2070	5
2071	6
2072	3
2073	3
2074	3
2075	3
2076	1
2077	6
2078	1
2079	5
2080	5
2081	6
2082	1
2083	3
2084	4
2085	3
2086	3
2087	5
2088	3
2089	5
2090	6
2091	5
2092	5
2093	1
2094	5
2095	5
2096	4
2097	3
2098	6
2099	4
2100	4
2101	6
2102	3
2103	2
2104	5
2105	5
2106	4
2107	1
2108	1
2109	6
2110	3
2111	2
2112	3
2113	1
2114	3
2115	5
2116	5
2117	1
2118	6
2119	5
2120	1
2121	1
2122	5
2123	6
2124	5
2125	6
2126	6
2127	5
2128	5
2129	3
2130	2
2131	2
2132	4
2133	2
2134	3
2135	5
2136	5
2137	6
2138	5
2139	3
2140	1
2141	1
2142	2
2143	5
2144	3
2145	5
2146	5
2147	3
2148	5
2149	2
2150	1
2151	2
2152	6
2153	1
2154	5
2155	1
2156	3
2157	1
2158	4
2159	1
2160	3
2161	6
2162	3
2163	2
2164	1
2165	6
2166	3
2167	3
2168	3
2169	6
2170	2
2171	3
2172	6
2173	6
2174	3
2175	2
2176	4
2177	6
2178	4
2179	4
2180	3
2181	6
2182	5
2183	4
2184	5
2185	5
2186	5
2187	2
2188	1
2189	3
2190	1
2191	4
2192	4
2193	5
2194	4
2195	5
2196	3
2197	1
2198	6
2199	1
2200	3
2201	6
2202	1
2203	5
2204	1
2205	1
2206	3
2207	1
2208	1
2209	3
2210	3
2211	1
2212	5
2213	1
2214	5
2215	6
2216	3
2217	1
2218	5
2219	4
2220	1
2221	5
2222	1
2223	3
2224	5
2225	6
2226	4
2227	4
2228	5
2229	3
2230	6
2231	6
2232	6
2233	3
2234	1
2235	1
2236	6
2237	3
2238	3
2239	5
2240	5
2241	6
2242	3
2243	2
2244	6
2245	4
2246	3
2247	2
2248	4
2249	2
2250	1
2251	3
2252	1
2253	3
2254	1
2255	1
2256	5
2257	5
2258	2
2259	1
2260	1
2261	1
2262	3
2263	1
2264	6
2265	5
2266	6
2267	3
2268	3
2269	2
2270	5
2271	4
2272	1
2273	5
2274	1
2275	6
2276	1
2277	2
2278	6
2279	3
2280	2
2281	3
2282	4
2283	4
2284	5
2285	2
2286	3
2287	5
2288	3
2289	1
2290	6
2291	5
2292	6
2293	6
2294	2
2295	5
2296	6
2297	3
2298	5
2299	1
2300	3
2301	3
2302	4
2303	5
2304	4
2305	5
2306	1
2307	6
2308	1
2309	4
2310	5
2311	1
2312	1
2313	1
2314	6
2315	5
2316	5
2317	3
2318	5
2319	6
2320	6
2321	2
2322	4
2323	3
2324	1
2325	5
2326	1
2327	5
2328	1
2329	3
2330	6
2331	6
2332	1
2333	6
2334	5
2335	3
2336	3
2337	6
2338	5
2339	2
2340	1
2341	2
2342	5
2343	5
2344	3
2345	3
2346	3
2347	6
2348	6
2349	5
2350	1
2351	1
2352	3
2353	1
2354	2
2355	5
2356	5
2357	4
2358	3
2359	5
2360	2
2361	3
2362	1
2363	6
2364	3
2365	3
2366	6
2367	4
2368	5
2369	6
2370	1
2371	5
2372	6
2373	3
2374	4
2375	3
2376	6
2377	5
2378	1
2379	3
2380	4
2381	5
2382	3
2383	5
2384	3
2385	2
2386	1
2387	3
2388	3
2389	2
2390	6
2391	5
2392	3
2393	4
2394	6
2395	4
2396	3
2397	5
2398	1
2399	3
2400	4
2401	4
2402	4
2403	6
2404	5
2405	3
2406	6
2407	6
2408	3
2409	5
2410	5
2411	3
2412	5
2413	6
2414	4
2415	3
2416	1
2417	1
2418	1
2419	1
2420	2
2421	4
2422	1
2423	3
2424	2
2425	3
2426	4
2427	4
2428	3
2429	4
2430	3
2431	3
2432	3
2433	5
2434	3
2435	3
2436	1
2437	1
2438	2
2439	4
2440	5
2441	3
2442	3
2443	6
2444	5
2445	5
2446	3
2447	4
2448	1
2449	6
2450	6
2451	1
2452	5
2453	5
2454	1
2455	4
2456	3
2457	5
2458	3
2459	5
2460	3
2461	3
2462	2
2463	3
2464	5
2465	2
2466	5
2467	5
2468	3
2469	3
2470	6
2471	4
2472	4
2473	5
2474	6
2475	5
2476	1
2477	6
2478	5
2479	3
2480	3
2481	5
2482	3
2483	1
2484	3
2485	1
2486	1
2487	1
2488	3
2489	3
2490	1
2491	5
2492	6
2493	3
2494	1
2495	5
2496	3
2497	2
2498	5
2499	3
2500	6
2501	1
2502	6
2503	1
2504	5
2505	6
2506	2
2507	2
2508	3
2509	5
2510	4
2511	5
2512	5
2513	4
2514	2
2515	1
2516	4
2517	1
2518	1
2519	3
2520	5
2521	1
2522	4
2523	3
2524	3
2525	5
2526	3
2527	1
2528	5
2529	4
2530	3
2531	6
2532	6
2533	5
2534	5
2535	2
2536	2
2537	5
2538	4
2539	5
2540	1
2541	4
2542	1
2543	5
2544	3
2545	2
2546	2
2547	4
2548	1
2549	3
2550	4
2551	6
2552	3
2553	1
2554	3
2555	2
2556	5
2557	1
2558	3
2559	4
2560	3
2561	5
2562	4
2563	2
2564	2
2565	5
2566	4
2567	3
2568	5
2569	5
2570	2
2571	4
2572	3
2573	6
2574	6
2575	1
2576	1
2577	5
2578	3
2579	1
2580	4
2581	6
2582	5
2583	5
2584	1
2585	6
2586	3
2587	6
2588	5
2589	5
2590	1
2591	6
2592	6
2593	1
2594	5
2595	5
2596	1
2597	3
2598	3
2599	2
2600	1
2601	2
2602	1
2603	3
2604	4
2605	2
2606	1
2607	5
2608	4
2609	1
2610	3
2611	6
2612	1
2613	6
2614	5
2615	4
2616	2
2617	2
2618	4
2619	2
2620	5
2621	1
2622	2
2623	4
2624	5
2625	3
2626	6
2627	6
2628	3
2629	1
2630	5
2631	4
2632	4
2633	1
2634	3
2635	6
2636	5
2637	4
2638	5
2639	4
2640	3
2641	6
2642	4
2643	5
2644	1
2645	1
2646	3
2647	1
2648	6
2649	3
2650	6
2651	2
2652	1
2653	1
2654	1
2655	6
2656	5
2657	1
2658	3
2659	3
2660	3
2661	6
2662	4
2663	3
2664	6
2665	3
2666	3
2667	3
2668	3
2669	2
2670	3
2671	3
2672	4
2673	5
2674	4
2675	5
2676	3
2677	3
2678	3
2679	6
2680	3
2681	6
2682	4
2683	3
2684	6
2685	1
2686	4
2687	6
2688	1
2689	3
2690	3
2691	3
2692	4
2693	4
2694	5
2695	3
2696	5
2697	4
2698	2
2699	5
2700	4
2701	5
2702	1
2703	2
2704	1
2705	3
2706	5
2707	1
2708	1
2709	3
2710	4
2711	3
2712	3
2713	1
2714	1
2715	6
2716	5
2717	1
2718	3
2719	1
2720	5
2721	3
2722	5
2723	1
2724	1
2725	1
2726	3
2727	3
2728	2
2729	4
2730	1
2731	1
2732	1
2733	6
2734	6
2735	1
2736	3
2737	4
2738	1
2739	1
2740	3
2741	4
2742	3
2743	3
2744	3
2745	3
2746	6
2747	5
2748	6
2749	3
2750	5
2751	1
2752	5
2753	1
2754	5
2755	4
2756	4
2757	3
2758	6
2759	2
2760	1
2761	3
2762	5
2763	5
2764	1
2765	1
2766	3
2767	2
2768	3
2769	6
2770	1
2771	1
2772	5
2773	4
2774	6
2775	3
2776	6
2777	5
2778	6
2779	1
2780	2
2781	3
2782	4
2783	4
2784	4
2785	3
2786	6
2787	5
2788	1
2789	2
2790	3
2791	2
2792	3
2793	3
2794	3
2795	6
2796	5
2797	1
2798	5
2799	5
2800	3
2801	5
2802	3
2803	3
2804	4
2805	1
2806	4
2807	5
2808	5
2809	1
2810	6
2811	2
2812	4
2813	5
2814	3
2815	5
2816	1
2817	3
2818	4
2819	2
2820	1
2821	4
2822	2
2823	3
2824	2
2825	6
2826	3
2827	6
2828	5
2829	2
2830	5
2831	1
2832	6
2833	1
2834	2
2835	5
2836	2
2837	6
2838	5
2839	1
2840	3
2841	5
2842	3
2843	2
2844	3
2845	5
2846	6
2847	5
2848	3
2849	2
2850	1
2851	5
2852	4
2853	6
2854	1
2855	5
2856	1
2857	5
2858	3
2859	3
2860	1
2861	3
2862	4
2863	4
2864	1
2865	5
2866	6
2867	3
2868	1
2869	3
2870	5
2871	3
2872	1
2873	4
2874	5
2875	2
2876	3
2877	3
2878	4
2879	1
2880	3
2881	3
2882	6
2883	4
2884	1
2885	6
2886	3
2887	6
2888	6
2889	2
2890	1
2891	3
2892	3
2893	1
2894	2
2895	3
2896	3
2897	4
2898	5
2899	5
2900	5
2901	3
2902	1
2903	3
2904	4
2905	6
2906	4
2907	1
2908	3
2909	6
2910	2
2911	5
2912	2
2913	6
2914	3
2915	4
2916	5
2917	3
2918	6
2919	3
2920	4
2921	3
2922	3
2923	1
2924	4
2925	2
2926	1
2927	3
2928	1
2929	5
2930	2
2931	5
2932	1
2933	6
2934	4
2935	3
2936	3
2937	6
2938	3
2939	6
2940	6
2941	3
2942	1
2943	4
2944	3
2945	3
2946	5
2947	1
2948	3
2949	3
2950	1
2951	4
2952	6
2953	5
2954	3
2955	5
2956	6
2957	4
2958	5
2959	3
2960	1
2961	5
2962	2
2963	5
2964	2
2965	5
2966	1
2967	2
2968	5
2969	3
2970	3
2971	6
2972	3
2973	6
2974	1
2975	1
2976	3
2977	3
2978	2
2979	2
2980	6
2981	5
2982	3
2983	5
2984	6
2985	1
2986	5
2987	6
2988	1
2989	4
2990	4
2991	2
2992	1
2993	3
2994	5
2995	4
2996	3
2997	3
2998	3
2999	2
3000	6
3001	1
3002	5
3003	4
3004	5
3005	5
3006	6
3007	1
3008	6
3009	5
3010	5
3011	3
3012	1
3013	4
3014	2
3015	2
3016	6
3017	5
3018	4
3019	4
3020	5
3021	6
3022	4
3023	1
3024	5
3025	3
3026	1
3027	1
3028	3
3029	5
3030	3
3031	1
3032	5
3033	6
3034	1
3035	6
3036	1
3037	1
3038	5
3039	3
3040	1
3041	1
3042	5
3043	3
3044	4
3045	3
3046	6
3047	3
3048	1
3049	1
3050	1
3051	5
3052	3
3053	3
3054	6
3055	3
3056	4
3057	5
3058	4
3059	3
3060	3
3061	1
3062	5
3063	6
3064	6
3065	3
3066	5
3067	4
3068	1
3069	6
3070	3
3071	1
3072	5
3073	3
3074	4
3075	5
3076	2
3077	3
3078	3
3079	2
3080	5
3081	6
3082	1
3083	5
3084	1
3085	1
3086	1
3087	5
3088	1
3089	1
3090	2
3091	2
3092	1
3093	4
3094	3
3095	3
3096	1
3097	3
3098	3
3099	5
3100	3
3101	3
3102	5
3103	5
3104	1
3105	5
3106	4
3107	1
3108	5
3109	1
3110	6
3111	3
3112	3
3113	1
3114	3
3115	5
3116	4
3117	4
3118	6
3119	3
3120	5
3121	3
3122	3
3123	3
3124	3
3125	1
3126	1
3127	3
3128	5
3129	1
3130	4
3131	6
3132	3
3133	1
3134	4
3135	3
3136	6
3137	2
3138	3
3139	2
3140	4
3141	6
3142	1
3143	3
3144	1
3145	3
3146	2
3147	3
3148	4
3149	1
3150	1
3151	3
3152	5
3153	1
3154	2
3155	6
3156	4
3157	3
3158	5
3159	6
3160	4
3161	3
3162	1
3163	1
3164	4
3165	4
3166	2
3167	3
3168	3
3169	1
3170	5
3171	3
3172	1
3173	1
3174	5
3175	3
3176	3
3177	4
3178	1
3179	3
3180	3
3181	3
3182	1
3183	5
3184	6
3185	3
3186	6
3187	3
3188	1
3189	5
3190	1
3191	3
3192	5
3193	5
3194	5
3195	4
3196	5
3197	3
3198	2
3199	2
3200	4
3201	3
3202	6
3203	3
3204	6
3205	3
3206	6
3207	6
3208	3
3209	5
3210	1
3211	1
3212	2
3213	3
3214	1
3215	6
3216	1
3217	1
3218	3
3219	1
3220	6
3221	5
3222	4
3223	2
3224	3
3225	3
3226	5
3227	2
3228	5
3229	6
3230	1
3231	3
3232	1
3233	3
3234	1
3235	5
3236	6
3237	3
3238	3
3239	6
3240	6
3241	1
3242	1
3243	3
3244	5
3245	6
3246	3
3247	6
3248	1
3249	6
3250	5
3251	3
3252	5
3253	6
3254	5
3255	6
3256	3
3257	1
3258	1
3259	3
3260	1
3261	4
3262	1
3263	5
3264	1
3265	5
3266	1
3267	6
3268	5
3269	3
3270	5
3271	3
3272	4
3273	3
3274	3
3275	1
3276	4
3277	4
3278	5
3279	4
3280	4
3281	4
3282	3
3283	2
3284	4
3285	4
3286	6
3287	1
3288	6
3289	6
3290	5
3291	3
3292	3
3293	1
3294	3
3295	1
3296	6
3297	4
3298	2
3299	5
3300	3
3301	5
3302	3
3303	2
3304	1
3305	6
3306	1
3307	4
3308	1
3309	5
3310	4
3311	3
3312	3
3313	1
3314	3
3315	5
3316	3
3317	4
3318	6
3319	4
3320	1
3321	1
3322	3
3323	5
3324	1
3325	5
3326	1
3327	1
3328	5
3329	5
3330	5
3331	6
3332	6
3333	2
3334	6
3335	4
3336	5
3337	4
3338	3
3339	4
3340	5
3341	3
3342	1
3343	6
3344	1
3345	6
3346	5
3347	5
3348	4
3349	1
3350	6
3351	6
3352	3
3353	2
3354	1
3355	4
3356	6
3357	6
3358	3
3359	1
3360	3
3361	1
3362	1
3363	3
3364	4
3365	3
3366	3
3367	4
3368	6
3369	3
3370	4
3371	5
3372	5
3373	3
3374	3
3375	4
3376	2
3377	3
3378	3
3379	1
3380	4
3381	6
3382	1
3383	2
3384	3
3385	3
3386	4
3387	1
3388	3
3389	2
3390	3
3391	3
3392	4
3393	6
3394	1
3395	3
3396	6
3397	3
3398	1
3399	3
3400	6
3401	3
3402	6
3403	1
3404	3
3405	3
3406	3
3407	5
3408	3
3409	5
3410	6
3411	5
3412	3
3413	5
3414	5
3415	5
3416	4
3417	3
3418	5
3419	1
3420	3
3421	5
3422	5
3423	2
3424	1
3425	6
3426	3
3427	5
3428	6
3429	4
3430	3
3431	4
3432	4
3433	3
3434	6
3435	6
3436	4
3437	3
3438	2
3439	2
3440	3
3441	5
3442	3
3443	3
3444	1
3445	4
3446	6
3447	5
3448	3
3449	3
3450	6
3451	2
3452	5
3453	5
3454	5
3455	6
3456	1
3457	3
3458	6
3459	3
3460	1
3461	4
3462	1
3463	1
3464	1
3465	5
3466	3
3467	4
3468	3
3469	3
3470	5
3471	1
3472	4
3473	4
3474	4
3475	3
3476	3
3477	5
3478	1
3479	1
3480	6
3481	1
3482	4
3483	3
3484	6
3485	1
3486	6
3487	1
3488	5
3489	3
3490	1
3491	5
3492	2
3493	4
3494	6
3495	4
3496	4
3497	3
3498	6
3499	1
3500	1
3501	2
3502	5
3503	1
3504	3
3505	3
3506	1
3507	5
3508	5
3509	6
3510	5
3511	1
3512	3
3513	1
3514	5
3515	1
3516	6
3517	1
3518	2
3519	4
3520	4
3521	1
3522	3
3523	2
3524	3
3525	4
3526	5
3527	3
3528	3
3529	3
3530	3
3531	1
3532	6
3533	4
3534	1
3535	4
3536	4
3537	6
3538	4
3539	3
3540	1
3541	3
3542	5
3543	2
3544	1
3545	3
3546	6
3547	4
3548	1
3549	6
3550	1
3551	2
3552	1
3553	1
3554	1
3555	6
3556	3
3557	1
3558	6
3559	5
3560	1
3561	5
3562	1
3563	1
3564	3
3565	1
3566	3
3567	4
3568	1
3569	3
3570	3
3571	6
3572	3
3573	3
3574	3
3575	4
3576	1
3577	2
3578	3
3579	3
3580	3
3581	4
3582	6
3583	3
3584	5
3585	4
3586	3
3587	3
3588	1
3589	3
3590	1
3591	4
3592	1
3593	4
3594	6
3595	1
3596	2
3597	3
3598	6
3599	1
3600	1
3601	3
3602	2
3603	5
3604	4
3605	1
3606	5
3607	1
3608	1
3609	1
3610	3
3611	3
3612	1
3613	5
3614	6
3615	6
3616	2
3617	4
3618	3
3619	1
3620	3
3621	1
3622	4
3623	3
3624	4
3625	2
3626	2
3627	5
3628	1
3629	1
3630	3
3631	5
3632	5
3633	2
3634	2
3635	1
3636	5
3637	1
3638	1
3639	5
3640	5
3641	4
3642	4
3643	2
3644	6
3645	6
3646	2
3647	5
3648	1
3649	5
3650	5
3651	2
3652	1
3653	2
3654	5
3655	1
3656	5
3657	2
3658	2
3659	2
3660	2
3661	1
3662	5
3663	1
3664	1
3665	1
3666	6
3667	1
3668	1
3669	1
3670	4
3671	2
3672	4
3673	5
3674	1
3675	4
3676	4
3677	1
3678	4
3679	1
3680	2
3681	2
3682	2
3683	4
3684	2
3685	2
3686	2
3687	2
3688	2
3689	4
3690	5
3691	1
3692	6
3693	1
3694	6
3695	5
3696	6
3697	2
3698	5
3699	6
3700	6
3701	5
3702	6
3703	2
3704	2
3705	2
3706	4
3707	4
3708	2
3709	4
3710	6
3711	4
3712	2
3713	2
3714	1
3715	2
3716	1
3717	2
3718	2
3719	1
3720	2
3721	4
3722	1
3723	2
3724	2
3725	2
3726	6
3727	1
3728	2
3729	5
3730	6
3731	4
3732	1
3733	2
3734	5
3735	5
3736	5
3737	1
3738	2
3739	4
3740	2
3741	5
3742	6
3743	4
3744	4
3745	1
3746	1
3747	4
3748	1
3749	2
3750	1
3751	6
3752	2
3753	1
3754	2
3755	1
3756	1
3757	2
3758	5
3759	4
3760	1
3761	5
3762	2
3763	2
3764	5
3765	6
3766	1
3767	5
3768	2
3769	1
3770	1
3771	2
3772	2
3773	5
3774	2
3775	6
3776	6
3777	4
3778	1
3779	1
3780	6
3781	5
3782	4
3783	1
3784	5
3785	6
3786	5
3787	2
3788	1
3789	1
3790	2
3791	1
3792	2
3793	1
3794	6
3795	2
3796	2
3797	5
3798	1
3799	2
3800	6
3801	2
3802	4
3803	6
3804	5
3805	2
3806	1
3807	5
3808	4
3809	2
3810	1
3811	2
3812	1
3813	1
3814	1
3815	2
3816	2
3817	2
3818	5
3819	6
3820	4
3821	2
3822	6
3823	1
3824	4
3825	5
3826	1
3827	2
3828	2
3829	1
3830	2
3831	1
3832	2
3833	1
3834	5
3835	6
3836	6
3837	4
3838	6
3839	1
3840	1
3841	2
3842	2
3843	2
3844	5
3845	4
3846	1
3847	4
3848	4
3849	4
3850	4
3851	2
3852	2
3853	4
3854	4
3855	2
3856	4
3857	1
3858	2
3859	6
3860	2
3861	5
3862	2
3863	1
3864	2
3865	4
3866	2
3867	6
3868	6
3869	5
3870	6
3871	4
3872	1
3873	2
3874	2
3875	4
3876	1
3877	2
3878	5
3879	1
3880	5
3881	1
3882	5
3883	5
3884	1
3885	2
3886	2
3887	5
3888	1
3889	2
3890	2
3891	2
3892	4
3893	4
3894	1
3895	4
3896	2
3897	2
3898	4
3899	5
3900	4
3901	2
3902	2
3903	5
3904	1
3905	4
3906	1
3907	5
3908	4
3909	5
3910	4
3911	6
3912	6
3913	2
3914	2
3915	5
3916	1
3917	5
3918	1
3919	5
3920	1
3921	1
3922	4
3923	4
3924	6
3925	2
3926	5
3927	1
3928	1
3929	5
3930	2
3931	6
3932	4
3933	1
3934	4
3935	2
3936	5
3937	2
3938	5
3939	2
3940	5
3941	5
3942	1
3943	4
3944	2
3945	1
3946	2
3947	2
3948	2
3949	2
3950	2
3951	2
3952	5
3953	2
3954	4
3955	2
3956	5
3957	2
3958	2
3959	2
3960	1
3961	5
3962	5
3963	1
3964	2
3965	4
3966	2
3967	1
3968	2
3969	1
3970	2
3971	4
3972	2
3973	2
3974	2
3975	2
3976	6
3977	4
3978	6
3979	1
3980	2
3981	4
3982	2
3983	2
3984	2
3985	5
3986	6
3987	1
3988	1
3989	5
3990	5
3991	2
3992	4
3993	5
3994	1
3995	2
3996	1
3997	2
3998	1
3999	2
4000	1
4001	2
4002	6
4003	5
4004	1
4005	5
4006	1
4007	4
4008	1
4009	2
4010	5
4011	2
4012	2
4013	4
4014	1
4015	1
4016	4
4017	2
4018	5
4019	4
4020	2
4021	1
4022	5
4023	2
4024	2
4025	5
4026	2
4027	5
4028	5
4029	5
4030	2
4031	6
4032	2
4033	1
4034	2
4035	5
4036	1
4037	4
4038	2
4039	1
4040	1
4041	1
4042	5
4043	5
4044	1
4045	4
4046	2
4047	1
4048	1
4049	1
4050	5
4051	5
4052	2
4053	2
4054	2
4055	5
4056	5
4057	2
4058	2
4059	5
4060	4
4061	6
4062	5
4063	2
4064	2
4065	2
4066	2
4067	2
4068	2
4069	1
4070	2
4071	1
4072	2
4073	2
4074	5
4075	1
4076	6
4077	4
4078	5
4079	2
4080	4
4081	6
4082	2
4083	4
4084	1
4085	2
4086	5
4087	1
4088	2
4089	2
4090	5
4091	1
4092	1
4093	6
4094	4
4095	1
4096	2
4097	4
4098	2
4099	1
4100	4
4101	2
4102	1
4103	5
4104	1
4105	6
4106	4
4107	5
4108	2
4109	2
4110	2
4111	2
4112	2
4113	4
4114	2
4115	2
4116	6
4117	4
4118	4
4119	4
4120	2
4121	1
4122	1
4123	6
4124	4
4125	1
4126	4
4127	1
4128	2
4129	1
4130	6
4131	4
4132	2
4133	2
4134	5
4135	2
4136	1
4137	2
4138	5
4139	1
4140	2
4141	5
4142	5
4143	2
4144	6
4145	5
4146	5
4147	1
4148	2
4149	1
4150	5
4151	2
4152	1
4153	1
4154	2
4155	1
4156	4
4157	4
4158	1
4159	5
4160	1
4161	2
4162	2
4163	1
4164	2
4165	5
4166	5
4167	4
4168	1
4169	1
4170	5
4171	4
4172	4
4173	2
4174	2
4175	4
4176	5
4177	5
4178	6
4179	2
4180	1
4181	2
4182	5
4183	2
4184	4
4185	2
4186	5
4187	6
4188	2
4189	6
4190	4
4191	2
4192	6
4193	2
4194	1
4195	2
4196	2
4197	2
4198	6
4199	1
4200	2
4201	5
4202	1
4203	2
4204	6
4205	5
4206	2
4207	4
4208	4
4209	2
4210	1
4211	6
4212	2
4213	5
4214	2
4215	1
4216	1
4217	1
4218	1
4219	4
4220	4
4221	4
4222	1
4223	6
4224	5
4225	1
4226	2
4227	6
4228	1
4229	4
4230	6
4231	2
4232	2
4233	6
4234	1
4235	4
4236	1
4237	4
4238	4
4239	6
4240	1
4241	6
4242	6
4243	2
4244	1
4245	2
4246	2
4247	1
4248	4
4249	6
4250	6
4251	4
4252	6
4253	6
4254	6
4255	1
4256	2
4257	1
4258	6
4259	6
4260	4
4261	1
4262	2
4263	2
4264	4
4265	2
4266	2
4267	4
4268	6
4269	1
4270	1
4271	1
4272	6
4273	2
4274	2
4275	2
4276	2
4277	6
4278	2
4279	1
4280	1
4281	6
4282	2
4283	2
4284	1
4285	2
4286	1
4287	2
4288	4
4289	6
4290	1
4291	2
4292	6
4293	1
4294	6
4295	6
4296	4
4297	1
4298	6
4299	2
4300	2
4301	1
4302	1
4303	6
4304	4
4305	6
4306	1
4307	6
4308	2
4309	2
4310	1
4311	6
4312	4
4313	4
4314	6
4315	4
4316	2
4317	2
4318	6
4319	6
4320	2
4321	6
4322	2
4323	2
4324	2
4325	6
4326	2
4327	1
4328	2
4329	6
4330	1
4331	6
4332	6
4333	6
4334	4
4335	1
4336	2
4337	2
4338	2
4339	4
4340	2
4341	1
4342	2
4343	1
4344	1
4345	6
4346	1
4347	1
4348	2
4349	6
4350	2
4351	6
4352	1
4353	2
4354	2
4355	4
4356	2
4357	2
4358	1
4359	1
4360	2
4361	4
4362	1
4363	1
4364	4
4365	1
4366	1
4367	2
4368	2
4369	1
4370	6
4371	2
4372	1
4373	2
4374	2
4375	4
4376	2
4377	2
4378	6
4379	2
4380	6
4381	6
4382	6
4383	4
4384	1
4385	6
4386	4
4387	6
4388	4
4389	6
4390	2
4391	1
4392	4
4393	2
4394	2
4395	1
4396	2
4397	4
4398	6
4399	1
4400	1
4401	1
4402	2
4403	1
4404	2
4405	6
4406	6
4407	6
4408	1
4409	1
4410	2
4411	1
4412	2
4413	6
4414	2
4415	2
4416	1
4417	6
4418	6
4419	2
4420	6
4421	2
4422	6
4423	6
4424	2
4425	4
4426	6
4427	2
4428	1
4429	2
4430	6
4431	2
4432	6
4433	6
4434	6
4435	6
4436	2
4437	6
4438	1
4439	1
4440	4
4441	2
4442	6
4443	2
4444	1
4445	6
4446	1
4447	2
4448	2
4449	4
4450	1
4451	6
4452	2
4453	2
4454	2
4455	2
4456	2
4457	1
4458	6
4459	4
4460	2
4461	6
4462	2
4463	2
4464	1
4465	1
4466	1
4467	4
4468	4
4469	6
4470	1
4471	1
4472	2
4473	6
4474	6
4475	4
4476	1
4477	1
4478	2
4479	1
4480	6
4481	6
4482	6
4483	4
4484	6
4485	1
4486	4
4487	2
4488	6
4489	6
4490	2
4491	6
4492	4
4493	2
4494	4
4495	4
4496	6
4497	1
4498	6
4499	1
4500	2
4501	4
4502	6
4503	6
4504	6
4505	2
4506	6
4507	6
4508	2
4509	6
4510	6
4511	1
4512	4
4513	4
4514	1
4515	2
4516	1
4517	6
4518	6
4519	1
4520	6
4521	6
4522	1
4523	6
4524	1
4525	6
4526	2
4527	6
4528	6
4529	2
4530	2
4531	6
4532	1
4533	2
4534	1
4535	6
4536	2
4537	1
4538	6
4539	6
4540	6
4541	6
4542	1
4543	6
4544	4
4545	6
4546	6
4547	2
4548	1
4549	1
4550	6
4551	6
4552	2
4553	4
4554	6
4555	6
4556	2
4557	1
4558	2
4559	2
4560	6
4561	2
4562	6
4563	6
4564	2
4565	1
4566	1
4567	2
4568	1
4569	6
4570	2
4571	2
4572	1
4573	1
4574	4
4575	6
4576	2
4577	2
4578	6
4579	4
4580	2
4581	2
4582	6
4583	1
4584	2
4585	2
4586	2
4587	1
4588	1
4589	6
4590	1
4591	2
4592	6
4593	4
4594	4
4595	6
4596	1
4597	2
4598	2
4599	1
4600	6
4601	2
4602	2
4603	1
4604	6
4605	2
4606	2
4607	4
4608	6
4609	2
4610	1
4611	6
4612	6
4613	1
4614	6
4615	1
4616	6
4617	2
4618	4
4619	6
4620	6
4621	6
4622	1
4623	6
4624	1
4625	2
4626	2
4627	4
4628	2
4629	2
4630	6
4631	6
4632	6
4633	6
4634	4
4635	6
4636	6
4637	2
4638	6
4639	6
4640	1
4641	2
4642	6
4643	6
4644	4
4645	2
4646	6
4647	6
4648	2
4649	4
4650	6
4651	2
4652	2
4653	6
4654	6
4655	2
4656	4
4657	6
4658	6
4659	1
4660	4
4661	2
4662	4
4663	6
4664	1
4665	2
4666	1
4667	4
4668	4
4669	1
4670	1
4671	6
4672	2
4673	6
4674	6
4675	2
4676	6
4677	1
4678	2
4679	6
4680	2
4681	1
4682	6
4683	6
4684	1
4685	1
4686	2
4687	1
4688	6
4689	1
4690	6
4691	4
4692	6
4693	6
4694	4
4695	2
4696	1
4697	4
4698	4
4699	4
4700	2
4701	6
4702	1
4703	4
4704	2
4705	2
4706	6
4707	6
4708	1
4709	6
4710	4
4711	2
4712	4
4713	4
4714	4
4715	2
4716	4
4717	4
4718	2
4719	2
4720	4
4721	4
4722	2
4723	4
4724	4
4725	4
4726	2
4727	2
4728	2
4729	6
4730	2
4731	2
4732	4
4733	6
4734	4
4735	2
4736	4
4737	2
4738	6
4739	2
4740	2
4741	2
4742	4
4743	6
4744	2
4745	2
4746	6
4747	2
4748	4
4749	4
4750	4
4751	4
4752	2
4753	4
4754	4
4755	6
4756	4
4757	2
4758	2
4759	4
4760	2
4761	6
4762	4
4763	2
4764	4
4765	4
4766	4
4767	6
4768	2
4769	6
4770	4
4771	2
4772	4
4773	4
4774	2
4775	2
4776	2
4777	2
4778	4
4779	2
4780	6
4781	6
4782	4
4783	6
4784	2
4785	6
4786	2
4787	6
4788	2
4789	6
4790	2
4791	6
4792	4
4793	2
4794	6
4795	4
4796	2
4797	2
4798	4
4799	2
4800	2
4801	6
4802	2
4803	6
4804	4
4805	4
4806	6
4807	6
4808	4
4809	2
4810	4
4811	6
4812	6
4813	6
4814	4
4815	4
4816	4
4817	4
4818	4
4819	4
4820	4
4821	6
4822	6
4823	4
4824	6
4825	4
4826	4
4827	2
4828	4
4829	4
4830	6
4831	6
4832	2
4833	2
4834	6
4835	2
4836	2
4837	2
4838	6
4839	4
4840	6
4841	2
4842	6
4843	4
4844	2
4845	6
4846	2
4847	2
4848	2
4849	4
4850	6
4851	4
4852	2
4853	6
4854	6
4855	6
4856	2
4857	2
4858	4
4859	4
4860	4
4861	4
4862	2
4863	4
4864	4
4865	2
4866	2
4867	4
4868	4
4869	2
4870	2
4871	4
4872	6
4873	6
4874	4
4875	2
4876	6
4877	2
4878	4
4879	2
4880	2
4881	6
4882	6
4883	2
4884	4
4885	2
4886	2
4887	6
4888	4
4889	2
4890	2
4891	2
4892	6
4893	4
4894	4
4895	4
4896	6
4897	2
4898	4
4899	2
4900	2
4901	6
4902	4
4903	2
4904	4
4905	4
4906	6
4907	4
4908	6
4909	6
4910	4
4911	2
4912	2
4913	4
4914	6
4915	4
4916	4
4917	2
4918	6
4919	6
4920	6
4921	6
4922	4
4923	4
4924	4
4925	2
4926	6
4927	6
4928	4
4929	4
4930	4
4931	6
4932	6
4933	4
4934	6
4935	4
4936	6
4937	6
4938	2
4939	6
4940	4
4941	6
4942	4
4943	6
4944	4
4945	4
4946	2
4947	2
4948	4
4949	2
4950	2
4951	6
4952	6
4953	2
4954	2
4955	2
4956	4
4957	4
4958	4
4959	2
4960	2
4961	2
4962	2
4963	2
4964	4
4965	2
4966	6
4967	6
4968	2
4969	4
4970	2
4971	2
4972	4
4973	4
4974	2
4975	6
4976	2
4977	6
4978	6
4979	4
4980	6
4981	4
4982	6
4983	2
4984	2
4985	4
4986	6
4987	4
4988	2
4989	4
4990	2
4991	2
4992	4
4993	6
4994	2
4995	4
4996	4
4997	4
4998	4
4999	2
5000	2
5001	2
5002	2
5003	6
5004	4
5005	6
5006	6
5007	2
5008	4
5009	4
5010	4
5011	2
5012	2
5013	6
5014	4
5015	4
5016	4
5017	6
5018	4
5019	6
5020	4
5021	4
5022	4
5023	6
5024	4
5025	4
5026	4
5027	4
5028	4
5029	4
5030	4
5031	4
5032	6
5033	4
5034	2
5035	6
5036	4
5037	4
5038	6
5039	6
5040	4
5041	4
5042	6
5043	4
5044	6
5045	2
5046	6
5047	4
5048	2
5049	4
5050	4
5051	6
5052	4
5053	4
5054	6
5055	4
5056	4
5057	4
5058	4
5059	4
5060	6
5061	4
5062	6
5063	4
5064	2
5065	6
5066	4
5067	4
5068	4
5069	4
5070	6
5071	4
5072	6
5073	4
5074	4
5075	4
5076	4
5077	6
5078	4
5079	6
5080	4
5081	6
5082	6
5083	6
5084	4
5085	4
5086	4
5087	4
5088	4
5089	4
5090	2
5091	4
5092	6
5093	4
5094	4
5095	4
5096	4
5097	4
5098	4
5099	4
5100	6
5101	4
5102	4
5103	4
5104	4
5105	4
5106	4
5107	2
5108	4
5109	4
5110	4
5111	4
5112	4
5113	4
5114	4
5115	4
5116	4
5117	4
5118	4
5119	4
5120	4
5121	4
5122	4
5123	4
5124	2
5125	4
5126	6
5127	4
5128	4
5129	6
5130	4
5131	4
5132	2
5133	4
5134	4
5135	6
5136	4
5137	6
5138	6
5139	4
5140	4
5141	2
5142	4
5143	4
5144	4
5145	6
5146	4
5147	4
5148	4
5149	6
5150	4
5151	4
5152	4
5153	4
5154	4
5155	4
5156	6
5157	4
5158	4
5159	4
5160	4
5161	4
5162	4
5163	4
5164	4
5165	4
5166	4
5167	4
5168	4
5169	2
5170	4
5171	4
5172	4
5173	4
5174	4
5175	4
5176	4
5177	4
5178	6
5179	4
5180	4
5181	2
5182	4
5183	4
5184	6
5185	6
5186	4
5187	4
5188	4
5189	4
5190	4
5191	6
5192	4
5193	4
5194	4
5195	4
