0	8
1	2
2	7
3	1
4	2
5	2
6	3
7	2
8	1
9	2
10	7
11	8
12	1
13	6
14	1
15	1
16	6
17	7
18	9
19	6
20	7
21	3
22	8
23	3
24	3
25	1
26	2
27	1
28	7
29	7
30	5
31	8
32	7
33	7
34	5
35	6
36	6
37	2
38	1
39	7
40	8
41	8
42	4
43	4
44	3
45	2
46	9
47	3
48	7
49	9
50	9
51	4
52	1
53	7
54	8
55	3
56	5
57	9
58	3
59	2
60	7
61	3
62	9
63	3
64	8
65	5
66	3
67	6
68	1
69	9
70	7
71	6
72	7
73	1
74	7
75	1
76	7
77	6
78	8
79	7
80	6
81	1
82	1
83	8
84	6
85	3
86	3
87	1
88	9
89	5
90	8
91	7
92	6
93	9
94	9
95	9
96	4
97	7
98	3
99	1
100	7
101	3
102	2
103	7
104	5
105	7
106	1
107	4
108	8
109	9
110	5
111	2
112	1
113	5
114	6
115	5
116	3
117	6
118	1
119	9
120	9
121	1
122	9
123	9
124	3
125	8
126	2
127	3
128	5
129	8
130	6
131	3
132	3
133	7
134	7
135	5
136	7
137	7
138	6
139	3
140	9
141	1
142	6
143	4
144	7
145	8
146	9
147	9
148	6
149	5
150	5
151	7
152	6
153	5
154	3
155	7
156	2
157	1
158	4
159	1
160	8
161	7
162	4
163	6
164	2
165	9
166	8
167	6
168	6
169	2
170	7
171	5
172	7
173	5
174	1
175	1
176	8
177	1
178	3
179	6
180	5
181	7
182	2
183	7
184	2
185	7
186	4
187	6
188	3
189	7
190	6
191	1
192	8
193	1
194	2
195	9
196	6
197	5
198	8
199	9
200	6
201	7
202	2
203	6
204	2
205	7
206	1
207	7
208	1
209	4
210	8
211	5
212	6
213	7
214	7
215	7
216	7
217	7
218	4
219	9
220	7
221	9
222	6
223	3
224	7
225	6
226	7
227	5
228	5
229	1
230	4
231	1
232	3
233	7
234	5
235	1
236	2
237	2
238	8
239	6
240	7
241	2
242	5
243	5
244	3
245	9
246	6
247	2
248	1
249	6
250	1
251	3
252	1
253	5
254	6
255	6
256	9
257	6
258	7
259	2
260	8
261	5
262	4
263	1
264	2
265	9
266	7
267	6
268	4
269	4
270	3
271	3
272	3
273	7
274	5
275	2
276	5
277	2
278	1
279	1
280	5
281	7
282	9
283	6
284	5
285	7
286	5
287	1
288	1
289	2
290	9
291	4
292	7
293	2
294	9
295	6
296	4
297	5
298	3
299	7
300	7
301	7
302	5
303	9
304	6
305	1
306	5
307	7
308	9
309	7
310	5
311	4
312	5
313	1
314	9
315	1
316	5
317	7
318	1
319	4
320	1
321	4
322	6
323	1
324	6
325	3
326	3
327	5
328	1
329	1
330	9
331	4
332	1
333	2
334	1
335	7
336	9
337	3
338	7
339	1
340	2
341	6
342	7
343	8
344	4
345	1
346	5
347	7
348	4
349	5
350	9
351	5
352	1
353	5
354	6
355	9
356	4
357	3
358	1
359	6
360	5
361	7
362	9
363	4
364	4
365	9
366	5
367	4
368	4
369	5
370	6
371	7
372	1
373	8
374	4
375	5
376	3
377	5
378	7
379	9
380	5
381	4
382	5
383	5
384	4
385	6
386	2
387	7
388	4
389	6
390	7
391	6
392	7
393	3
394	4
395	3
396	1
397	3
398	3
399	7
400	3
401	7
402	6
403	3
404	1
405	7
406	5
407	7
408	1
409	3
410	2
411	2
412	1
413	7
414	7
415	3
416	1
417	1
418	1
419	2
420	5
421	1
422	5
423	1
424	7
425	7
426	5
427	1
428	4
429	9
430	6
431	8
432	1
433	5
434	4
435	9
436	9
437	7
438	2
439	7
440	5
441	1
442	1
443	1
444	1
445	2
446	5
447	7
448	5
449	7
450	6
451	3
452	1
453	6
454	7
455	9
456	7
457	7
458	5
459	7
460	7
461	5
462	1
463	8
464	1
465	6
466	1
467	7
468	4
469	3
470	4
471	6
472	2
473	5
474	7
475	3
476	5
477	2
478	4
479	1
480	7
481	1
482	7
483	1
484	5
485	1
486	5
487	9
488	2
489	1
490	5
491	6
492	5
493	7
494	1
495	8
496	8
497	7
498	4
499	9
500	6
501	3
502	4
503	4
504	8
505	7
506	5
507	6
508	9
509	6
510	9
511	2
512	2
513	5
514	9
515	2
516	5
517	8
518	7
519	9
520	3
521	4
522	7
523	1
524	9
525	5
526	1
527	4
528	2
529	5
530	5
531	4
532	5
533	7
534	1
535	4
536	9
537	1
538	7
539	7
540	6
541	5
542	5
543	6
544	4
545	4
546	9
547	3
548	6
549	8
550	8
551	4
552	7
553	7
554	7
555	9
556	8
557	1
558	4
559	7
560	4
561	1
562	5
563	9
564	8
565	4
566	2
567	2
568	2
569	7
570	6
571	9
572	9
573	2
574	3
575	9
576	8
577	8
578	7
579	5
580	1
581	2
582	9
583	8
584	7
585	2
586	4
587	8
588	7
589	8
590	2
591	1
592	5
593	8
594	8
595	7
596	1
597	4
598	6
599	9
600	6
601	7
602	8
603	9
604	5
605	3
606	9
607	2
608	6
609	8
610	1
611	4
612	7
613	3
614	9
615	6
616	4
617	2
618	7
619	8
620	1
621	8
622	1
623	6
624	5
625	2
626	7
627	7
628	1
629	3
630	1
631	2
632	8
633	3
634	1
635	4
636	3
637	4
638	1
639	7
640	7
641	1
642	2
643	3
644	6
645	1
646	7
647	7
648	9
649	6
650	5
651	5
652	4
653	3
654	7
655	8
656	4
657	1
658	5
659	5
660	9
661	2
662	2
663	6
664	3
665	4
666	5
667	4
668	9
669	5
670	7
671	5
672	9
673	7
674	6
675	2
676	5
677	8
678	4
679	5
680	2
681	9
682	7
683	2
684	5
685	5
686	8
687	4
688	4
689	2
690	7
691	8
692	1
693	9
694	7
695	8
696	1
697	4
698	3
699	4
700	9
701	7
702	9
703	6
704	7
705	9
706	8
707	7
708	4
709	9
710	3
711	9
712	7
713	1
714	6
715	7
716	7
717	7
718	9
719	6
720	1
721	5
722	7
723	7
724	2
725	7
726	1
727	5
728	9
729	6
730	9
731	1
732	6
733	5
734	7
735	7
736	1
737	4
738	1
739	6
740	6
741	1
742	2
743	7
744	6
745	7
746	1
747	8
748	6
749	2
750	8
751	3
752	5
753	8
754	3
755	7
756	6
757	5
758	1
759	5
760	4
761	5
762	1
763	1
764	7
765	8
766	5
767	9
768	7
769	9
770	7
771	1
772	4
773	1
774	1
775	4
776	2
777	2
778	2
779	9
780	6
781	9
782	9
783	9
784	2
785	5
786	7
787	1
788	7
789	1
790	7
791	1
792	2
793	7
794	5
795	8
796	9
797	1
798	7
799	6
800	4
801	1
802	8
803	3
804	7
805	9
806	4
807	2
808	7
809	1
810	8
811	2
812	8
813	1
814	3
815	9
816	6
817	1
818	4
819	5
820	6
821	7
822	3
823	2
824	2
825	1
826	2
827	7
828	5
829	2
830	3
831	3
832	5
833	5
834	7
835	5
836	8
837	3
838	6
839	6
840	3
841	8
842	6
843	6
844	5
845	9
846	7
847	9
848	8
849	7
850	3
851	7
852	1
853	6
854	1
855	1
856	4
857	5
858	5
859	6
860	1
861	9
862	9
863	7
864	4
865	9
866	2
867	5
868	4
869	6
870	8
871	2
872	9
873	1
874	2
875	3
876	5
877	1
878	9
879	2
880	9
881	1
882	5
883	4
884	4
885	3
886	7
887	9
888	8
889	7
890	4
891	9
892	7
893	7
894	1
895	2
896	8
897	4
898	3
899	1
900	7
901	3
902	7
903	7
904	7
905	2
906	7
907	2
908	1
909	7
910	6
911	6
912	3
913	5
914	2
915	2
916	1
917	2
918	9
919	5
920	1
921	7
922	9
923	7
924	1
925	6
926	9
927	1
928	5
929	6
930	1
931	9
932	4
933	4
934	6
935	6
936	2
937	4
938	7
939	2
940	8
941	7
942	4
943	2
944	2
945	3
946	2
947	8
948	3
949	8
950	7
951	6
952	1
953	7
954	4
955	7
956	1
957	7
958	6
959	6
960	9
961	5
962	8
963	9
964	1
965	9
966	7
967	8
968	7
969	8
970	5
971	4
972	8
973	8
974	1
975	8
976	1
977	7
978	9
979	1
980	4
981	7
982	3
983	1
984	5
985	8
986	7
987	7
988	9
989	7
990	7
991	3
992	4
993	6
994	2
995	4
996	9
997	3
998	6
999	5
1000	4
1001	2
1002	7
1003	4
1004	2
1005	3
1006	2
1007	9
1008	8
1009	8
1010	2
1011	7
1012	3
1013	8
1014	2
1015	2
1016	5
1017	2
1018	3
1019	4
1020	3
1021	3
1022	1
1023	6
1024	1
1025	1
1026	9
1027	1
1028	2
1029	8
1030	6
1031	7
1032	3
1033	6
1034	7
1035	8
1036	6
1037	9
1038	6
1039	9
1040	4
1041	7
1042	8
1043	9
1044	2
1045	8
1046	5
1047	4
1048	3
1049	6
1050	9
1051	7
1052	2
1053	7
1054	8
1055	5
1056	9
1057	5
1058	1
1059	2
1060	7
1061	6
1062	8
1063	2
1064	7
1065	8
1066	2
1067	5
1068	2
1069	2
1070	7
1071	1
1072	9
1073	1
1074	9
1075	3
1076	2
1077	3
1078	8
1079	2
1080	2
1081	7
1082	2
1083	6
1084	7
1085	7
1086	4
1087	4
1088	9
1089	9
1090	2
1091	1
1092	3
1093	4
1094	5
1095	4
1096	8
1097	2
1098	7
1099	5
1100	7
1101	7
1102	1
1103	7
1104	6
1105	8
1106	9
1107	1
1108	3
1109	7
1110	4
1111	5
1112	7
1113	8
1114	9
1115	8
1116	3
1117	4
1118	9
1119	4
1120	9
1121	3
1122	6
1123	7
1124	9
1125	9
1126	3
1127	2
1128	2
1129	1
1130	7
1131	4
1132	7
1133	7
1134	9
1135	3
1136	1
1137	2
1138	7
1139	4
1140	7
1141	2
1142	8
1143	6
1144	7
1145	8
1146	2
1147	2
1148	4
1149	7
1150	6
1151	2
1152	2
1153	2
1154	1
1155	8
1156	1
1157	5
1158	1
1159	1
1160	4
1161	9
1162	2
1163	2
1164	1
1165	7
1166	9
1167	1
1168	3
1169	7
1170	8
1171	3
1172	2
1173	4
1174	3
1175	2
1176	1
1177	5
1178	7
1179	7
1180	6
1181	1
1182	4
1183	9
1184	2
1185	3
1186	4
1187	3
1188	7
1189	2
1190	1
1191	9
1192	7
1193	4
1194	7
1195	6
1196	4
1197	9
1198	7
1199	2
1200	8
1201	8
1202	2
1203	3
1204	6
1205	7
1206	6
1207	9
1208	1
1209	7
1210	1
1211	7
1212	1
1213	7
1214	4
1215	7
1216	1
1217	6
1218	1
1219	8
1220	7
1221	2
1222	3
1223	1
1224	2
1225	2
1226	8
1227	8
1228	2
1229	9
1230	1
1231	3
1232	1
1233	7
1234	2
1235	8
1236	8
1237	8
1238	1
1239	7
1240	4
1241	1
1242	9
1243	7
1244	1
1245	2
1246	8
1247	4
1248	6
1249	7
1250	5
1251	7
1252	6
1253	4
1254	3
1255	2
1256	7
1257	8
1258	8
1259	4
1260	6
1261	6
1262	2
1263	5
1264	3
1265	2
1266	8
1267	7
1268	2
1269	4
1270	2
1271	1
1272	8
1273	6
1274	6
1275	1
1276	7
1277	7
1278	1
1279	7
1280	9
1281	2
1282	4
1283	9
1284	3
1285	9
1286	7
1287	5
1288	4
1289	1
1290	2
1291	9
1292	3
1293	9
1294	7
1295	6
1296	3
1297	7
1298	2
1299	1
1300	5
1301	1
1302	8
1303	6
1304	8
1305	2
1306	5
1307	7
1308	1
1309	5
1310	9
1311	7
1312	1
1313	3
1314	7
1315	8
1316	4
1317	6
1318	2
1319	4
1320	1
1321	4
1322	7
1323	2
1324	2
1325	8
1326	7
1327	5
1328	3
1329	6
1330	6
1331	8
1332	9
1333	5
1334	1
1335	7
1336	7
1337	9
1338	1
1339	6
1340	1
1341	7
1342	6
1343	3
1344	9
1345	5
1346	4
1347	2
1348	7
1349	6
1350	2
1351	1
1352	2
1353	9
1354	4
1355	8
1356	1
1357	1
1358	7
1359	3
1360	9
1361	9
1362	8
1363	9
1364	9
1365	9
1366	8
1367	9
1368	9
1369	8
1370	8
1371	6
1372	7
1373	2
1374	2
1375	1
1376	4
1377	1
1378	7
1379	9
1380	9
1381	8
1382	3
1383	8
1384	9
1385	2
1386	2
1387	2
1388	7
1389	5
1390	4
1391	6
1392	8
1393	3
1394	8
1395	4
1396	4
1397	1
1398	9
1399	1
1400	7
1401	1
1402	2
1403	7
1404	7
1405	5
1406	7
1407	7
1408	7
1409	9
1410	8
1411	3
1412	1
1413	4
1414	3
1415	3
1416	9
1417	4
1418	5
1419	1
1420	2
1421	3
1422	6
1423	2
1424	1
1425	2
1426	4
1427	7
1428	2
1429	9
1430	6
1431	4
1432	8
1433	2
1434	9
1435	5
1436	2
1437	6
1438	9
1439	2
1440	1
1441	6
1442	4
1443	9
1444	1
1445	1
1446	2
1447	9
1448	2
1449	4
1450	8
1451	4
1452	2
1453	2
1454	1
1455	8
1456	5
1457	1
1458	1
1459	8
1460	3
1461	3
1462	5
1463	1
1464	4
1465	9
1466	8
1467	9
1468	2
1469	9
1470	3
1471	9
1472	4
1473	6
1474	5
1475	6
1476	3
1477	5
1478	1
1479	7
1480	9
1481	3
1482	6
1483	1
1484	9
1485	4
1486	3
1487	8
1488	9
1489	7
1490	6
1491	6
1492	5
1493	7
1494	6
1495	4
1496	4
1497	1
1498	1
1499	9
1500	1
1501	1
1502	2
1503	4
1504	7
1505	8
1506	1
1507	7
1508	7
1509	5
1510	8
1511	1
1512	5
1513	1
1514	1
1515	7
1516	1
1517	8
1518	5
1519	9
1520	3
1521	8
1522	6
1523	1
1524	2
1525	7
1526	3
1527	9
1528	2
1529	2
1530	7
1531	7
1532	7
1533	7
1534	6
1535	9
1536	9
1537	7
1538	1
1539	9
1540	7
1541	4
1542	2
1543	7
1544	3
1545	7
1546	7
1547	1
1548	7
1549	8
1550	8
1551	2
1552	6
1553	7
1554	2
1555	1
1556	1
1557	6
1558	1
1559	2
1560	8
1561	7
1562	4
1563	4
1564	1
1565	4
1566	8
1567	7
1568	5
1569	8
1570	7
1571	6
1572	6
1573	7
1574	9
1575	8
1576	1
1577	1
1578	5
1579	2
1580	2
1581	6
1582	1
1583	2
1584	9
1585	9
1586	7
1587	9
1588	7
1589	8
1590	9
1591	8
1592	7
1593	7
1594	7
1595	1
1596	9
1597	2
1598	9
1599	6
1600	8
1601	6
1602	9
1603	3
1604	3
1605	8
1606	5
1607	2
1608	8
1609	7
1610	1
1611	7
1612	2
1613	4
1614	2
1615	9
1616	1
1617	8
1618	9
1619	3
1620	3
1621	8
1622	4
1623	7
1624	7
1625	1
1626	8
1627	7
1628	9
1629	2
1630	1
1631	4
1632	8
1633	2
1634	2
1635	4
1636	2
1637	9
1638	1
1639	3
1640	6
1641	9
1642	2
1643	2
1644	2
1645	3
1646	1
1647	4
1648	1
1649	1
1650	2
1651	9
1652	9
1653	7
1654	8
1655	8
1656	4
1657	2
1658	1
1659	1
1660	1
1661	2
1662	2
1663	1
1664	4
1665	6
1666	8
1667	7
1668	4
1669	1
1670	4
1671	7
1672	7
1673	9
1674	4
1675	2
1676	3
1677	2
1678	7
1679	2
1680	2
1681	1
1682	9
1683	3
1684	7
1685	3
1686	4
1687	1
1688	8
1689	1
1690	4
1691	8
1692	4
1693	2
1694	8
1695	9
1696	9
1697	6
1698	9
1699	9
1700	9
1701	7
1702	6
1703	2
1704	6
1705	3
1706	7
1707	5
1708	8
1709	2
1710	1
1711	2
1712	2
1713	4
1714	4
1715	7
1716	7
1717	9
1718	2
1719	4
1720	6
1721	1
1722	8
1723	2
1724	4
1725	7
1726	1
1727	2
1728	9
1729	9
1730	9
1731	8
1732	3
1733	2
1734	5
1735	5
1736	4
1737	6
1738	3
1739	9
1740	7
1741	4
1742	2
1743	5
1744	1
1745	2
1746	4
1747	1
1748	3
1749	7
1750	7
1751	1
1752	6
1753	4
1754	8
1755	1
1756	3
1757	7
1758	9
1759	9
1760	9
1761	1
1762	3
1763	2
1764	2
1765	2
1766	7
1767	1
1768	2
1769	7
1770	8
1771	8
1772	8
1773	7
1774	1
1775	4
1776	4
1777	8
1778	7
1779	9
1780	6
1781	5
1782	5
1783	9
1784	2
1785	4
1786	9
1787	6
1788	5
1789	7
1790	3
1791	9
1792	9
1793	9
1794	1
1795	7
1796	6
1797	3
1798	9
1799	2
1800	1
1801	4
1802	9
1803	9
1804	9
1805	2
1806	7
1807	8
1808	7
1809	5
1810	8
1811	1
1812	4
1813	3
1814	1
1815	4
1816	3
1817	4
1818	8
1819	7
1820	7
1821	9
1822	2
1823	6
1824	8
1825	6
1826	6
1827	7
1828	1
1829	8
1830	2
1831	4
1832	7
1833	2
1834	3
1835	4
1836	1
1837	7
1838	6
1839	7
1840	6
1841	3
1842	1
1843	4
1844	3
1845	9
1846	9
1847	4
1848	7
1849	8
1850	2
1851	3
1852	7
1853	1
1854	2
1855	3
1856	9
1857	3
1858	5
1859	7
1860	1
1861	1
1862	2
1863	3
1864	2
1865	8
1866	9
1867	7
1868	8
1869	8
1870	6
1871	8
1872	8
1873	5
1874	1
1875	4
1876	3
1877	1
1878	1
1879	8
1880	9
1881	2
1882	2
1883	7
1884	1
1885	1
1886	4
1887	3
1888	7
1889	2
1890	7
1891	8
1892	8
1893	1
1894	7
1895	3
1896	9
1897	6
1898	1
1899	5
1900	9
1901	9
1902	9
1903	9
1904	6
1905	1
1906	4
1907	9
1908	4
1909	4
1910	1
1911	7
1912	5
1913	6
1914	5
1915	2
1916	5
1917	2
1918	6
1919	4
1920	1
1921	3
1922	7
1923	4
1924	6
1925	3
1926	2
1927	6
1928	8
1929	2
1930	9
1931	8
1932	8
1933	1
1934	7
1935	8
1936	5
1937	2
1938	2
1939	6
1940	1
1941	7
1942	4
1943	3
1944	4
1945	4
1946	8
1947	4
1948	8
1949	2
1950	4
1951	6
1952	8
1953	1
1954	7
1955	9
1956	8
1957	5
1958	5
1959	7
1960	8
1961	8
1962	6
1963	1
1964	9
1965	2
1966	1
1967	6
1968	9
1969	4
1970	7
1971	4
1972	7
1973	9
1974	7
1975	9
1976	5
1977	2
1978	5
1979	7
1980	8
1981	8
1982	1
1983	2
1984	8
1985	9
1986	4
1987	8
1988	8
1989	9
1990	1
1991	1
1992	7
1993	4
1994	5
1995	2
1996	7
1997	7
1998	3
1999	1
2000	6
2001	4
2002	9
2003	8
2004	8
2005	6
2006	7
2007	9
2008	8
2009	3
2010	7
2011	8
2012	8
2013	9
2014	3
2015	1
2016	2
2017	8
2018	2
2019	8
2020	9
2021	6
2022	1
2023	1
2024	6
2025	4
2026	7
2027	8
2028	1
2029	2
2030	4
2031	2
2032	4
2033	2
2034	2
2035	1
2036	2
2037	4
2038	5
2039	2
2040	4
2041	9
2042	5
2043	9
2044	7
2045	8
2046	9
2047	7
2048	2
2049	1
2050	6
2051	6
2052	6
2053	7
2054	1
2055	9
2056	4
2057	1
2058	7
2059	7
2060	4
2061	8
2062	4
2063	8
2064	8
2065	9
2066	4
2067	3
2068	7
2069	5
2070	1
2071	9
2072	3
2073	7
2074	1
2075	4
2076	6
2077	1
2078	7
2079	1
2080	8
2081	7
2082	1
2083	3
2084	7
2085	3
2086	3
2087	2
2088	9
2089	3
2090	1
2091	8
2092	5
2093	8
2094	7
2095	1
2096	1
2097	9
2098	7
2099	2
2100	8
2101	8
2102	7
2103	8
2104	7
2105	5
2106	7
2107	1
2108	9
2109	9
2110	7
2111	7
2112	9
2113	2
2114	8
2115	1
2116	4
2117	8
2118	9
2119	8
2120	6
2121	8
2122	2
2123	3
2124	4
2125	7
2126	3
2127	4
2128	9
2129	5
2130	2
2131	6
2132	1
2133	3
2134	4
2135	8
2136	2
2137	6
2138	2
2139	3
2140	3
2141	2
2142	8
2143	7
2144	1
2145	2
2146	7
2147	3
2148	3
2149	2
2150	4
2151	9
2152	9
2153	8
2154	2
2155	2
2156	4
2157	9
2158	6
2159	2
2160	4
2161	9
2162	2
2163	2
2164	8
2165	5
2166	9
2167	3
2168	8
2169	4
2170	9
2171	6
2172	9
2173	9
2174	1
2175	6
2176	2
2177	5
2178	8
2179	5
2180	8
2181	5
2182	7
2183	1
2184	3
2185	6
2186	9
2187	8
2188	1
2189	6
2190	9
2191	9
2192	5
2193	1
2194	1
2195	2
2196	9
2197	1
2198	9
2199	7
2200	3
2201	6
2202	4
2203	2
2204	2
2205	3
2206	8
2207	7
2208	1
2209	3
2210	2
2211	7
2212	9
2213	7
2214	7
2215	1
2216	1
2217	7
2218	5
2219	1
2220	8
2221	7
2222	6
2223	2
2224	7
2225	8
2226	1
2227	7
2228	1
2229	2
2230	3
2231	2
2232	3
2233	7
2234	8
2235	6
2236	4
2237	2
2238	1
2239	2
2240	2
2241	8
2242	8
2243	9
2244	6
2245	5
2246	7
2247	4
2248	8
2249	8
2250	4
2251	1
2252	2
2253	9
2254	9
2255	8
2256	8
2257	4
2258	1
2259	2
2260	8
2261	1
2262	7
2263	1
2264	4
2265	6
2266	8
2267	2
2268	8
2269	7
2270	1
2271	2
2272	7
2273	8
2274	9
2275	7
2276	9
2277	3
2278	8
2279	8
2280	6
2281	2
2282	7
2283	7
2284	7
2285	4
2286	7
2287	2
2288	8
2289	9
2290	2
2291	3
2292	7
2293	8
2294	2
2295	2
2296	1
2297	2
2298	3
2299	6
2300	3
2301	7
2302	8
2303	6
2304	5
2305	1
2306	1
2307	1
2308	2
2309	2
2310	6
2311	2
2312	4
2313	5
2314	8
2315	1
2316	9
2317	4
2318	4
2319	8
2320	3
2321	7
2322	2
2323	8
2324	5
2325	4
2326	2
2327	7
2328	7
2329	8
2330	8
2331	9
2332	1
2333	7
2334	4
2335	3
2336	2
2337	2
2338	2
2339	7
2340	4
2341	8
2342	8
2343	3
2344	5
2345	7
2346	9
2347	9
2348	1
2349	7
2350	1
2351	6
2352	7
2353	2
2354	1
2355	2
2356	1
2357	6
2358	7
2359	6
2360	3
2361	6
2362	2
2363	1
2364	9
2365	3
2366	8
2367	2
2368	5
2369	1
2370	7
2371	1
2372	2
2373	6
2374	3
2375	8
2376	6
2377	1
2378	2
2379	6
2380	9
2381	2
2382	5
2383	4
2384	8
2385	1
2386	2
2387	9
2388	6
2389	8
2390	3
2391	9
2392	2
2393	6
2394	8
2395	8
2396	2
2397	7
2398	2
2399	7
2400	4
2401	1
2402	6
2403	8
2404	9
2405	2
2406	7
2407	5
2408	5
2409	2
2410	8
2411	8
2412	8
2413	9
2414	6
2415	6
2416	1
2417	8
2418	8
2419	8
2420	4
2421	7
2422	7
2423	7
2424	4
2425	9
2426	3
2427	4
2428	1
2429	1
2430	9
2431	2
2432	6
2433	8
2434	9
2435	9
2436	5
2437	8
2438	8
2439	1
2440	1
2441	1
2442	8
2443	7
2444	2
2445	2
2446	5
2447	9
2448	8
2449	2
2450	2
2451	5
2452	6
2453	9
2454	8
2455	8
2456	2
2457	3
2458	9
2459	1
2460	7
2461	3
2462	5
2463	2
2464	5
2465	7
2466	7
2467	8
2468	9
2469	6
2470	2
2471	6
2472	9
2473	8
2474	8
2475	5
2476	8
2477	8
2478	1
2479	9
2480	6
2481	4
2482	8
2483	8
2484	8
2485	7
2486	7
2487	3
2488	8
2489	7
2490	7
2491	1
2492	9
2493	2
2494	9
2495	4
2496	4
2497	1
2498	7
2499	1
2500	4
2501	7
2502	9
2503	2
2504	8
2505	8
2506	4
2507	1
2508	8
2509	2
2510	8
2511	6
2512	2
2513	8
2514	1
2515	6
2516	8
2517	8
2518	2
2519	1
2520	6
2521	4
2522	3
2523	2
2524	4
2525	7
2526	3
2527	6
2528	1
2529	8
2530	1
2531	4
2532	8
2533	1
2534	8
2535	4
2536	8
2537	8
2538	1
2539	1
2540	3
2541	8
2542	8
2543	8
2544	8
2545	6
2546	8
2547	8
2548	9
2549	9
2550	9
2551	8
2552	7
2553	4
2554	1
2555	7
2556	1
2557	2
2558	3
2559	2
2560	3
2561	2
2562	4
2563	8
2564	5
2565	2
2566	7
2567	5
2568	7
2569	1
2570	9
2571	7
2572	8
2573	2
2574	6
2575	1
2576	8
2577	2
2578	3
2579	2
2580	7
2581	8
2582	1
2583	4
2584	2
2585	8
2586	9
2587	4
2588	2
2589	6
2590	7
2591	5
2592	4
2593	9
2594	2
2595	2
2596	3
2597	4
2598	9
2599	1
2600	9
2601	9
2602	1
2603	1
2604	7
2605	8
2606	8
2607	2
2608	3
2609	8
2610	7
2611	1
2612	2
2613	1
2614	7
2615	9
2616	2
2617	4
2618	2
2619	3
2620	8
2621	8
2622	7
2623	2
2624	9
2625	2
2626	9
2627	2
2628	9
2629	5
2630	2
2631	4
2632	1
2633	9
2634	7
2635	2
2636	1
2637	7
2638	2
2639	6
2640	8
2641	4
2642	1
2643	7
2644	9
2645	9
2646	7
2647	7
2648	3
2649	7
2650	8
2651	7
2652	8
2653	2
2654	9
2655	8
2656	7
2657	3
2658	1
2659	9
2660	7
2661	4
2662	7
2663	4
2664	2
2665	9
2666	3
2667	1
2668	2
2669	1
2670	2
2671	8
2672	3
2673	8
2674	7
2675	3
2676	7
2677	4
2678	9
2679	9
2680	7
2681	7
2682	4
2683	9
2684	4
2685	7
2686	5
2687	6
2688	2
2689	7
2690	7
2691	9
2692	7
2693	9
2694	8
2695	8
2696	8
2697	9
2698	1
2699	7
2700	6
2701	3
2702	2
2703	9
2704	8
2705	2
2706	1
2707	9
2708	1
2709	7
2710	7
2711	8
2712	9
2713	7
2714	2
2715	2
2716	5
2717	8
2718	3
2719	8
2720	5
2721	2
2722	2
2723	1
2724	2
2725	3
2726	9
2727	8
2728	7
2729	7
2730	2
2731	9
2732	9
2733	9
2734	8
2735	3
2736	9
2737	2
2738	3
2739	1
2740	8
2741	9
2742	7
2743	9
2744	7
2745	5
2746	6
2747	3
2748	8
2749	5
2750	7
2751	3
2752	4
2753	1
2754	7
2755	2
2756	7
2757	1
2758	8
2759	4
2760	2
2761	3
2762	4
2763	8
2764	7
2765	1
2766	2
2767	1
2768	2
2769	5
2770	1
2771	2
2772	8
2773	2
2774	4
2775	4
2776	8
2777	4
2778	8
2779	9
2780	1
2781	3
2782	4
2783	3
2784	6
2785	2
2786	7
2787	7
2788	7
2789	9
2790	4
2791	5
2792	8
2793	1
2794	7
2795	5
2796	2
2797	5
2798	9
2799	3
2800	7
2801	4
2802	2
2803	1
2804	2
2805	7
2806	4
2807	4
2808	4
2809	6
2810	4
2811	2
2812	8
2813	2
2814	8
2815	6
2816	5
2817	3
2818	2
2819	2
2820	6
2821	4
2822	5
2823	9
2824	9
2825	4
2826	4
2827	3
2828	9
2829	7
2830	6
2831	4
2832	9
2833	1
2834	9
2835	6
2836	1
2837	8
2838	2
2839	3
2840	7
2841	2
2842	2
2843	1
2844	7
2845	4
2846	4
2847	9
2848	9
2849	9
2850	9
2851	8
2852	8
2853	3
2854	8
2855	8
2856	2
2857	8
2858	3
2859	9
2860	4
2861	6
2862	1
2863	8
2864	4
2865	2
2866	2
2867	7
2868	2
2869	7
2870	5
2871	9
2872	4
2873	6
2874	5
2875	1
2876	9
2877	4
2878	6
2879	9
2880	1
2881	9
2882	8
2883	1
2884	1
2885	2
2886	4
2887	6
2888	7
2889	1
2890	5
2891	2
2892	9
2893	1
2894	4
2895	8
2896	8
2897	2
2898	8
2899	1
2900	4
2901	1
2902	2
2903	9
2904	8
2905	6
2906	2
2907	5
2908	8
2909	6
2910	7
2911	7
2912	5
2913	8
2914	7
2915	7
2916	4
2917	1
2918	8
2919	2
2920	7
2921	2
2922	1
2923	3
2924	2
2925	8
2926	3
2927	8
2928	1
2929	6
2930	3
2931	2
2932	8
2933	7
2934	6
2935	2
2936	1
2937	7
2938	2
2939	2
2940	9
2941	1
2942	4
2943	1
2944	1
2945	2
2946	2
2947	8
2948	8
2949	6
2950	1
2951	1
2952	9
2953	9
2954	1
2955	2
2956	1
2957	5
2958	1
2959	4
2960	8
2961	8
2962	8
2963	1
2964	2
2965	2
2966	8
2967	7
2968	8
2969	2
2970	7
2971	8
2972	9
2973	7
2974	7
2975	8
2976	9
2977	8
2978	9
2979	8
2980	2
2981	2
2982	2
2983	4
2984	1
2985	6
2986	5
2987	6
2988	2
2989	5
2990	8
2991	9
2992	9
2993	7
2994	1
2995	5
2996	7
2997	2
2998	6
2999	2
3000	8
3001	8
3002	8
3003	7
3004	8
3005	8
3006	1
3007	8
3008	2
3009	1
3010	8
3011	2
3012	4
3013	6
3014	2
3015	1
3016	1
3017	9
3018	8
3019	2
3020	3
3021	4
3022	9
3023	9
3024	1
3025	1
3026	9
3027	1
3028	4
3029	1
3030	9
3031	1
3032	9
3033	7
3034	4
3035	4
3036	8
3037	8
3038	8
3039	9
3040	8
3041	8
3042	8
3043	8
3044	4
3045	2
3046	1
3047	6
3048	8
3049	1
3050	1
3051	8
3052	9
3053	7
3054	2
3055	8
3056	8
3057	2
3058	2
3059	9
3060	8
3061	9
3062	6
3063	3
3064	1
3065	2
3066	7
3067	8
3068	1
3069	6
3070	1
3071	9
3072	8
3073	1
3074	2
3075	9
3076	7
3077	2
3078	7
3079	1
3080	2
3081	2
3082	8
3083	8
3084	9
3085	2
3086	1
3087	1
3088	3
3089	1
3090	5
3091	4
3092	7
3093	4
3094	7
3095	9
3096	8
3097	7
3098	4
3099	1
3100	4
3101	8
3102	9
3103	9
3104	2
3105	2
3106	8
3107	8
3108	8
3109	9
3110	9
3111	2
3112	8
3113	1
3114	6
3115	8
3116	1
3117	9
3118	1
3119	1
3120	2
3121	3
3122	2
3123	1
3124	9
3125	8
3126	1
3127	2
3128	1
3129	2
3130	8
3131	7
3132	4
3133	2
3134	5
3135	6
3136	8
3137	5
3138	7
3139	7
3140	3
3141	2
3142	7
3143	1
3144	3
3145	8
3146	8
3147	3
3148	8
3149	1
3150	8
3151	7
3152	7
3153	2
3154	8
3155	8
3156	6
3157	7
3158	2
3159	9
3160	4
3161	9
3162	8
3163	6
3164	7
3165	4
3166	9
3167	2
3168	2
3169	5
3170	7
3171	8
3172	9
3173	6
3174	8
3175	4
3176	3
3177	5
3178	6
3179	4
3180	1
3181	1
3182	8
3183	5
3184	2
3185	7
3186	8
3187	2
3188	8
3189	2
3190	7
3191	2
3192	3
3193	4
3194	1
3195	9
3196	1
3197	9
3198	6
3199	1
3200	4
3201	5
3202	9
3203	8
3204	6
3205	4
3206	2
3207	3
3208	1
3209	4
3210	8
3211	8
3212	3
3213	3
3214	8
3215	1
3216	5
3217	7
3218	7
3219	8
3220	4
3221	9
3222	7
3223	7
3224	1
3225	9
3226	4
3227	6
3228	1
3229	3
3230	8
3231	8
3232	6
3233	8
3234	6
3235	7
3236	2
3237	3
3238	1
3239	1
3240	7
3241	2
3242	3
3243	9
3244	6
3245	6
3246	3
3247	8
3248	7
3249	5
3250	8
3251	2
3252	4
3253	3
3254	2
3255	2
3256	9
3257	8
3258	5
3259	4
3260	2
3261	4
3262	9
3263	3
3264	2
3265	2
3266	8
3267	7
3268	8
3269	1
3270	2
3271	7
3272	1
3273	8
3274	4
3275	7
3276	9
3277	7
3278	7
3279	2
3280	2
3281	1
3282	1
3283	2
3284	1
3285	5
3286	9
3287	7
3288	8
3289	8
3290	9
3291	2
3292	8
3293	4
3294	7
3295	9
3296	2
3297	1
3298	1
3299	2
3300	7
3301	2
3302	4
3303	8
3304	8
3305	7
3306	4
3307	8
3308	1
3309	2
3310	7
3311	3
3312	2
3313	2
3314	3
3315	7
3316	9
3317	9
3318	3
3319	9
3320	4
3321	6
3322	8
3323	2
3324	3
3325	9
3326	2
3327	2
3328	2
3329	4
3330	8
3331	1
3332	7
3333	4
3334	9
3335	8
3336	8
3337	1
3338	2
3339	3
3340	8
3341	8
3342	4
3343	8
3344	2
3345	7
3346	8
3347	2
3348	8
3349	3
3350	7
3351	9
3352	1
3353	3
3354	2
3355	9
3356	9
3357	5
3358	8
3359	5
3360	1
3361	8
3362	4
3363	8
3364	1
3365	7
3366	8
3367	3
3368	2
3369	3
3370	1
3371	9
3372	1
3373	9
3374	9
3375	2
3376	3
3377	5
3378	1
3379	7
3380	9
3381	2
3382	1
3383	1
3384	8
3385	4
3386	8
3387	8
3388	7
3389	3
3390	2
3391	9
3392	8
3393	4
3394	8
3395	1
3396	8
3397	1
3398	7
3399	2
3400	7
3401	8
3402	2
3403	2
3404	3
3405	9
3406	9
3407	7
3408	9
3409	8
3410	2
3411	8
3412	6
3413	6
3414	8
3415	1
3416	4
3417	4
3418	9
3419	8
3420	1
3421	4
3422	5
3423	2
3424	1
3425	2
3426	6
3427	5
3428	9
3429	8
3430	3
3431	2
3432	4
3433	8
3434	9
3435	1
3436	2
3437	8
3438	1
3439	9
3440	2
3441	1
3442	3
3443	1
3444	2
3445	9
3446	9
3447	2
3448	3
3449	6
3450	7
3451	8
3452	4
3453	9
3454	1
3455	2
3456	6
3457	8
3458	1
3459	4
3460	4
3461	2
3462	7
3463	4
3464	7
3465	9
3466	2
3467	6
3468	7
3469	6
3470	2
3471	6
3472	9
3473	3
3474	2
3475	2
3476	4
3477	4
3478	9
3479	8
3480	3
3481	4
3482	2
3483	9
3484	8
3485	4
3486	6
3487	8
3488	1
3489	4
3490	2
3491	5
3492	1
3493	1
3494	1
3495	2
3496	2
3497	9
3498	9
3499	4
3500	8
3501	1
3502	9
3503	2
3504	3
3505	9
3506	3
3507	8
3508	8
3509	8
3510	4
3511	1
3512	6
3513	8
3514	7
3515	7
3516	1
3517	9
3518	1
3519	9
3520	2
3521	9
3522	7
3523	2
3524	9
3525	4
3526	8
3527	2
3528	8
3529	2
3530	2
3531	2
3532	1
3533	1
3534	1
3535	8
3536	8
3537	7
3538	8
3539	7
3540	4
3541	6
3542	1
3543	6
3544	4
3545	5
3546	2
3547	9
3548	7
3549	1
3550	8
3551	2
3552	8
3553	3
3554	1
3555	7
3556	9
3557	6
3558	7
3559	4
3560	8
3561	3
3562	1
3563	9
3564	2
3565	1
3566	7
3567	5
3568	9
3569	1
3570	1
3571	7
3572	2
3573	7
3574	3
3575	6
3576	1
3577	8
3578	1
3579	7
3580	2
3581	9
3582	4
3583	7
3584	3
3585	4
3586	3
3587	2
3588	8
3589	6
3590	5
3591	3
3592	8
3593	1
3594	8
3595	8
3596	2
3597	4
3598	7
3599	9
3600	9
3601	1
3602	6
3603	1
3604	7
3605	8
3606	4
3607	2
3608	7
3609	6
3610	1
3611	2
3612	6
3613	8
3614	9
3615	6
3616	9
3617	9
3618	8
3619	4
3620	9
3621	2
3622	6
3623	2
3624	2
3625	8
3626	8
3627	7
3628	1
3629	9
3630	2
3631	1
3632	2
3633	7
3634	7
3635	8
3636	9
3637	7
3638	2
3639	8
3640	1
3641	9
3642	2
3643	2
3644	2
3645	7
3646	9
3647	2
3648	7
3649	7
3650	8
3651	4
3652	1
3653	1
3654	8
3655	2
3656	6
3657	1
3658	4
3659	9
3660	7
3661	2
3662	9
3663	3
3664	8
3665	8
3666	9
3667	8
3668	1
3669	1
3670	7
3671	2
3672	9
3673	7
3674	7
3675	8
3676	2
3677	1
3678	3
3679	7
3680	2
3681	7
3682	3
3683	6
3684	4
3685	4
3686	1
3687	9
3688	2
3689	3
3690	1
3691	8
3692	9
3693	8
3694	4
3695	1
3696	8
3697	3
3698	3
3699	8
3700	9
3701	1
3702	4
3703	7
3704	1
3705	8
3706	8
3707	7
3708	4
3709	2
3710	2
3711	2
3712	2
3713	3
3714	7
3715	8
3716	1
3717	2
3718	9
3719	4
3720	7
3721	2
3722	2
3723	2
3724	1
3725	2
3726	2
3727	1
3728	8
3729	8
3730	1
3731	9
3732	2
3733	6
3734	8
3735	8
3736	1
3737	3
3738	3
3739	9
3740	7
3741	4
3742	9
3743	8
3744	2
3745	7
3746	4
3747	4
3748	1
3749	8
3750	9
3751	2
3752	5
3753	6
3754	1
3755	1
3756	9
3757	8
3758	2
3759	4
3760	7
3761	4
3762	6
3763	7
3764	9
3765	9
3766	1
3767	9
3768	7
3769	2
3770	7
3771	8
3772	9
3773	8
3774	2
3775	4
3776	8
3777	3
3778	9
3779	8
3780	8
3781	4
3782	9
3783	4
3784	5
3785	2
3786	3
3787	8
3788	4
3789	2
3790	1
3791	1
3792	3
3793	8
3794	1
3795	1
3796	4
3797	7
3798	4
3799	8
3800	7
3801	7
3802	9
3803	8
3804	2
3805	1
3806	8
3807	3
3808	8
3809	2
3810	8
3811	4
3812	2
3813	8
3814	2
3815	2
3816	8
3817	2
3818	8
3819	7
3820	2
3821	4
3822	5
3823	9
3824	8
3825	9
3826	9
3827	4
3828	7
3829	2
3830	7
3831	8
3832	1
3833	1
3834	8
3835	2
3836	4
3837	1
3838	1
3839	8
3840	3
3841	1
3842	7
3843	8
3844	1
3845	7
3846	8
3847	2
3848	1
3849	8
3850	7
3851	7
3852	7
3853	1
3854	3
3855	9
3856	9
3857	5
3858	7
3859	9
3860	9
3861	1
3862	2
3863	1
3864	2
3865	7
3866	8
3867	4
3868	9
3869	7
3870	6
3871	2
3872	8
3873	8
3874	8
3875	4
3876	9
3877	8
3878	8
3879	4
3880	3
3881	2
3882	8
3883	9
3884	2
3885	9
3886	8
3887	7
3888	9
3889	2
3890	7
3891	8
3892	1
3893	6
3894	8
3895	7
3896	1
3897	4
3898	8
3899	6
3900	1
3901	9
3902	8
3903	9
3904	1
3905	7
3906	8
3907	4
3908	4
3909	8
3910	8
3911	7
3912	8
3913	8
3914	1
3915	9
3916	1
3917	2
3918	3
3919	1
3920	7
3921	9
3922	8
3923	2
3924	1
3925	8
3926	2
3927	9
3928	9
3929	2
3930	1
3931	1
3932	8
3933	4
3934	8
3935	3
3936	9
3937	8
3938	4
3939	2
3940	4
3941	7
3942	9
3943	9
3944	2
3945	2
3946	8
3947	7
3948	2
3949	7
3950	9
3951	7
3952	6
3953	3
3954	6
3955	9
3956	7
3957	2
3958	3
3959	7
3960	9
3961	9
3962	1
3963	5
3964	6
3965	2
3966	2
3967	4
3968	8
3969	1
3970	1
3971	1
3972	7
3973	7
3974	4
3975	9
3976	7
3977	9
3978	8
3979	3
3980	2
3981	9
3982	8
3983	2
3984	9
3985	2
3986	7
3987	6
3988	8
3989	2
3990	7
3991	7
3992	2
3993	1
3994	7
3995	9
3996	2
3997	1
3998	4
3999	9
4000	2
4001	7
4002	2
4003	2
4004	2
4005	9
4006	8
4007	1
4008	8
4009	8
4010	5
4011	9
4012	6
4013	4
4014	1
4015	2
4016	7
4017	7
4018	7
4019	8
4020	3
4021	8
4022	1
4023	2
4024	1
4025	5
4026	8
4027	7
4028	8
4029	1
4030	2
4031	8
4032	3
4033	8
4034	2
4035	8
4036	2
4037	9
4038	2
4039	9
4040	8
4041	4
4042	5
4043	4
4044	7
4045	7
4046	2
4047	7
4048	2
4049	1
4050	7
4051	8
4052	9
4053	9
4054	8
4055	4
4056	8
4057	4
4058	4
4059	2
4060	7
4061	4
4062	3
4063	5
4064	1
4065	1
4066	7
4067	2
4068	7
4069	9
4070	9
4071	8
4072	8
4073	2
4074	8
4075	5
4076	4
4077	9
4078	4
4079	7
4080	1
4081	2
4082	7
4083	3
4084	1
4085	7
4086	7
4087	4
4088	1
4089	8
4090	8
4091	8
4092	1
4093	9
4094	3
4095	9
4096	9
4097	1
4098	1
4099	9
4100	8
4101	1
4102	7
4103	4
4104	9
4105	4
4106	9
4107	2
4108	8
4109	4
4110	8
4111	5
4112	7
4113	7
4114	1
4115	3
4116	6
4117	7
4118	2
4119	2
4120	1
4121	6
4122	8
4123	5
4124	1
4125	7
4126	8
4127	2
4128	8
4129	8
4130	8
4131	8
4132	8
4133	1
4134	7
4135	5
4136	8
4137	7
4138	7
4139	1
4140	2
4141	1
4142	1
4143	8
4144	2
4145	7
4146	8
4147	2
4148	8
4149	8
4150	7
4151	4
4152	5
4153	7
4154	1
4155	9
4156	7
4157	1
4158	8
4159	8
4160	7
4161	7
4162	2
4163	2
4164	1
4165	2
4166	8
4167	2
4168	7
4169	1
4170	8
4171	1
4172	1
4173	1
4174	1
4175	1
4176	9
4177	3
4178	1
4179	7
4180	8
4181	9
4182	9
4183	8
4184	2
4185	9
4186	9
4187	5
4188	4
4189	2
4190	4
4191	1
4192	8
4193	8
4194	7
4195	8
4196	1
4197	2
4198	8
4199	8
4200	1
4201	2
4202	8
4203	9
4204	5
4205	2
4206	8
4207	1
4208	9
4209	7
4210	2
4211	5
4212	3
4213	8
4214	1
4215	8
4216	3
4217	2
4218	2
4219	1
4220	8
4221	2
4222	8
4223	2
4224	1
4225	1
4226	6
4227	2
4228	2
4229	8
4230	9
4231	7
4232	2
4233	9
4234	2
4235	3
4236	8
4237	9
4238	3
4239	9
4240	8
4241	4
4242	4
4243	3
4244	5
4245	1
4246	8
4247	1
4248	6
4249	7
4250	8
4251	8
4252	7
4253	7
4254	2
4255	8
4256	6
4257	8
4258	2
4259	4
4260	9
4261	1
4262	7
4263	9
4264	5
4265	7
4266	6
4267	4
4268	8
4269	7
4270	2
4271	4
4272	1
4273	6
4274	2
4275	6
4276	8
4277	2
4278	7
4279	3
4280	1
4281	2
4282	4
4283	7
4284	4
4285	8
4286	1
4287	9
4288	1
4289	6
4290	2
4291	2
4292	1
4293	9
4294	6
4295	4
4296	9
4297	9
4298	1
4299	8
4300	2
4301	8
4302	1
4303	3
4304	9
4305	2
4306	3
4307	2
4308	8
4309	6
4310	1
4311	1
4312	8
4313	9
4314	3
4315	7
4316	8
4317	4
4318	6
4319	1
4320	8
4321	1
4322	1
4323	5
4324	7
4325	9
4326	4
4327	5
4328	2
4329	7
4330	7
4331	8
4332	4
4333	8
4334	1
4335	8
4336	8
4337	9
4338	9
4339	9
4340	8
4341	9
4342	7
4343	5
4344	4
4345	1
4346	7
4347	2
4348	4
4349	8
4350	1
4351	7
4352	2
4353	1
4354	3
4355	1
4356	9
4357	8
4358	7
4359	1
4360	1
4361	7
4362	6
4363	2
4364	6
4365	8
4366	6
4367	2
4368	9
4369	7
4370	2
4371	9
4372	7
4373	2
4374	7
4375	3
4376	2
4377	4
4378	9
4379	2
4380	2
4381	8
4382	8
4383	9
4384	8
4385	7
4386	2
4387	4
4388	1
4389	8
4390	9
4391	9
4392	8
4393	6
4394	3
4395	9
4396	3
4397	2
4398	9
4399	9
4400	2
4401	2
4402	7
4403	5
4404	1
4405	7
4406	1
4407	1
4408	8
4409	9
4410	7
4411	5
4412	3
4413	2
4414	6
4415	2
4416	1
4417	4
4418	4
4419	2
4420	8
4421	7
4422	7
4423	3
4424	2
4425	2
4426	7
4427	2
4428	3
4429	3
4430	8
4431	5
4432	6
4433	8
4434	3
4435	2
4436	8
4437	2
4438	9
4439	9
4440	8
4441	9
4442	1
4443	2
4444	5
4445	6
4446	8
4447	9
4448	1
4449	7
4450	2
4451	9
4452	3
4453	9
4454	7
4455	8
4456	9
4457	3
4458	2
4459	7
4460	8
4461	4
4462	7
4463	2
4464	7
4465	2
4466	6
4467	9
4468	7
4469	8
4470	3
4471	1
4472	9
4473	2
4474	8
4475	9
4476	4
4477	8
4478	8
4479	1
4480	6
4481	6
4482	1
4483	4
4484	8
4485	3
4486	8
4487	2
4488	8
4489	7
4490	6
4491	3
4492	2
4493	2
4494	2
4495	8
4496	8
4497	8
4498	2
4499	6
4500	2
4501	8
4502	3
4503	8
4504	6
4505	6
4506	4
4507	1
4508	2
4509	4
4510	1
4511	8
4512	6
4513	7
4514	5
4515	8
4516	2
4517	2
4518	1
4519	7
4520	2
4521	2
4522	8
4523	9
4524	9
4525	5
4526	5
4527	1
4528	8
4529	1
4530	2
4531	1
4532	9
4533	2
4534	1
4535	4
4536	5
4537	2
4538	2
4539	4
4540	9
4541	1
4542	7
4543	7
4544	9
4545	8
4546	9
4547	4
4548	8
4549	2
4550	8
4551	2
4552	1
4553	4
4554	2
4555	5
4556	9
4557	9
4558	8
4559	8
4560	4
4561	3
4562	2
4563	5
4564	8
4565	3
4566	4
4567	8
4568	7
4569	4
4570	2
4571	9
4572	6
4573	4
4574	7
4575	1
4576	6
4577	9
4578	2
4579	2
4580	2
4581	1
4582	2
4583	2
4584	1
4585	7
4586	2
4587	8
4588	9
4589	8
4590	1
4591	3
4592	8
4593	1
4594	4
4595	2
4596	5
4597	2
4598	1
4599	1
4600	1
4601	8
4602	8
4603	1
4604	5
4605	2
4606	8
4607	7
4608	2
4609	4
4610	8
4611	9
4612	9
4613	4
4614	8
4615	7
4616	7
4617	1
4618	7
4619	4
4620	8
4621	9
4622	2
4623	2
4624	4
4625	4
4626	9
4627	6
4628	4
4629	8
4630	9
4631	4
4632	8
4633	2
4634	2
4635	8
4636	1
4637	1
4638	1
4639	7
4640	1
4641	9
4642	4
4643	8
4644	4
4645	4
4646	1
4647	2
4648	1
4649	9
4650	1
4651	8
4652	7
4653	9
4654	2
4655	1
4656	2
4657	1
4658	6
4659	2
4660	2
4661	9
4662	8
4663	6
4664	7
4665	6
4666	3
4667	9
4668	5
4669	6
4670	8
4671	7
4672	1
4673	4
4674	8
4675	3
4676	8
4677	7
4678	8
4679	4
4680	7
4681	4
4682	1
4683	6
4684	5
4685	8
4686	6
4687	8
4688	8
4689	4
4690	7
4691	7
4692	8
4693	9
4694	8
4695	6
4696	2
4697	7
4698	2
4699	8
4700	4
4701	4
4702	7
4703	2
4704	3
4705	7
4706	4
4707	1
4708	9
4709	9
4710	6
4711	1
4712	8
4713	2
4714	2
4715	9
4716	4
4717	2
4718	8
4719	9
4720	1
4721	2
4722	2
4723	8
4724	6
4725	5
4726	2
4727	1
4728	9
4729	7
4730	1
4731	5
4732	2
4733	2
4734	8
4735	8
4736	8
4737	1
4738	4
4739	1
4740	2
4741	8
4742	8
4743	7
4744	4
4745	3
4746	2
4747	2
4748	1
4749	1
4750	2
4751	1
4752	8
4753	7
4754	2
4755	7
4756	2
4757	1
4758	9
4759	2
4760	4
4761	4
4762	2
4763	4
4764	9
4765	2
4766	2
4767	8
4768	4
4769	4
4770	8
4771	8
4772	2
4773	7
4774	2
4775	7
4776	5
4777	6
4778	3
4779	4
4780	8
4781	1
4782	7
4783	8
4784	1
4785	7
4786	8
4787	1
4788	4
4789	8
4790	1
4791	9
4792	2
4793	7
4794	7
4795	8
4796	8
4797	7
4798	2
4799	6
4800	8
4801	3
4802	7
4803	8
4804	2
4805	8
4806	8
4807	4
4808	6
4809	9
4810	2
4811	7
4812	8
4813	8
4814	6
4815	1
4816	7
4817	8
4818	1
4819	9
4820	7
4821	2
4822	8
4823	7
4824	4
4825	8
4826	2
4827	8
4828	9
4829	1
4830	2
4831	8
4832	2
4833	8
4834	8
4835	2
4836	2
4837	2
4838	7
4839	2
4840	4
4841	2
4842	3
4843	9
4844	7
4845	4
4846	8
4847	9
4848	2
4849	2
4850	8
4851	9
4852	7
4853	8
4854	8
4855	4
4856	5
4857	2
4858	2
4859	6
4860	4
4861	1
4862	8
4863	3
4864	1
4865	8
4866	1
4867	8
4868	1
4869	2
4870	8
4871	2
4872	4
4873	5
4874	7
4875	5
4876	1
4877	4
4878	9
4879	9
4880	2
4881	2
4882	7
4883	4
4884	8
4885	8
4886	1
4887	7
4888	7
4889	3
4890	8
4891	3
4892	2
4893	1
4894	1
4895	3
4896	8
4897	8
4898	2
4899	8
4900	8
4901	8
4902	2
4903	3
4904	7
4905	8
4906	2
4907	2
4908	9
4909	8
4910	7
4911	3
4912	4
4913	7
4914	2
4915	9
4916	8
4917	8
4918	2
4919	1
4920	2
4921	8
4922	7
4923	9
4924	6
4925	8
4926	9
4927	1
4928	7
4929	1
4930	2
4931	8
4932	1
4933	6
4934	1
4935	7
4936	7
4937	8
4938	7
4939	6
4940	8
4941	2
4942	7
4943	8
4944	1
4945	9
4946	8
4947	7
4948	7
4949	2
4950	5
4951	1
4952	1
4953	9
4954	3
4955	7
4956	8
4957	8
4958	7
4959	5
4960	8
4961	8
4962	9
4963	8
4964	2
4965	3
4966	1
4967	8
4968	2
4969	1
4970	8
4971	1
4972	7
4973	3
4974	8
4975	2
4976	7
4977	2
4978	9
4979	1
4980	9
4981	7
4982	4
4983	7
4984	4
4985	6
4986	4
4987	8
4988	8
4989	8
4990	8
4991	2
4992	2
4993	1
4994	2
4995	4
4996	1
4997	1
4998	2
4999	2
5000	7
5001	4
5002	8
5003	2
5004	8
5005	8
5006	2
5007	5
5008	4
5009	8
5010	9
5011	2
5012	1
5013	7
5014	8
5015	8
5016	8
5017	6
5018	7
5019	5
5020	9
5021	9
5022	8
5023	2
5024	5
5025	7
5026	8
5027	8
5028	2
5029	3
5030	3
5031	7
5032	3
5033	6
5034	8
5035	1
5036	1
5037	2
5038	6
5039	9
5040	2
5041	8
5042	8
5043	8
5044	4
5045	7
5046	5
5047	2
5048	2
5049	4
5050	1
5051	9
5052	6
5053	7
5054	8
5055	1
5056	4
5057	8
5058	3
5059	1
5060	3
5061	3
5062	2
5063	6
5064	9
5065	4
5066	8
5067	4
5068	1
5069	4
5070	4
5071	8
5072	8
5073	1
5074	4
5075	9
5076	6
5077	7
5078	2
5079	2
5080	3
5081	2
5082	2
5083	2
5084	6
5085	4
5086	8
5087	9
5088	1
5089	6
5090	9
5091	5
5092	8
5093	5
5094	9
5095	1
5096	8
5097	9
5098	1
5099	8
5100	8
5101	8
5102	7
5103	7
5104	8
5105	2
5106	6
5107	4
5108	1
5109	7
5110	2
5111	8
5112	2
5113	7
5114	8
5115	2
5116	1
5117	2
5118	6
5119	4
5120	6
5121	7
5122	4
5123	7
5124	4
5125	2
5126	9
5127	6
5128	2
5129	8
5130	2
5131	4
5132	8
5133	1
5134	9
5135	5
5136	9
5137	9
5138	1
5139	7
5140	2
5141	8
5142	5
5143	7
5144	2
5145	8
5146	8
5147	9
5148	8
5149	4
5150	2
5151	8
5152	2
5153	5
5154	2
5155	6
5156	4
5157	3
5158	6
5159	2
5160	2
5161	1
5162	8
5163	2
5164	7
5165	4
5166	7
5167	4
5168	2
5169	6
5170	6
5171	8
5172	2
5173	1
5174	1
5175	4
5176	7
5177	2
5178	7
5179	6
5180	9
5181	6
5182	8
5183	3
5184	6
5185	9
5186	8
5187	7
5188	1
5189	9
5190	2
5191	8
5192	6
5193	8
5194	4
5195	1
5196	7
5197	9
5198	6
5199	6
5200	1
5201	2
5202	2
5203	8
5204	8
5205	9
5206	2
5207	3
5208	2
5209	3
5210	1
5211	7
5212	2
5213	1
5214	1
5215	5
5216	8
5217	8
5218	2
5219	4
5220	9
5221	1
5222	1
5223	8
5224	5
5225	8
5226	2
5227	9
5228	2
5229	2
5230	2
5231	9
5232	9
5233	8
5234	8
5235	8
5236	7
5237	1
5238	1
5239	3
5240	8
5241	1
5242	9
5243	2
5244	2
5245	1
5246	8
5247	7
5248	4
5249	7
5250	2
5251	2
5252	8
5253	8
5254	7
5255	8
5256	7
5257	2
5258	4
5259	1
5260	8
5261	3
5262	7
5263	5
5264	8
5265	5
5266	7
5267	9
5268	9
5269	5
5270	8
5271	4
5272	5
5273	4
5274	7
5275	5
5276	5
5277	5
5278	5
5279	8
5280	9
5281	7
5282	6
5283	6
5284	8
5285	5
5286	4
5287	5
5288	8
5289	6
5290	5
5291	1
5292	7
5293	7
5294	9
5295	8
5296	9
5297	8
5298	7
5299	7
5300	8
5301	5
5302	4
5303	7
5304	7
5305	7
5306	8
5307	8
5308	8
5309	8
5310	8
5311	8
5312	9
5313	7
5314	3
5315	5
5316	9
5317	8
5318	8
5319	7
5320	5
5321	6
5322	9
5323	5
5324	9
5325	5
5326	8
5327	9
5328	6
5329	5
5330	5
5331	5
5332	5
5333	8
5334	8
5335	7
5336	8
5337	5
5338	8
5339	8
5340	9
5341	6
5342	5
5343	3
5344	7
5345	1
5346	8
5347	9
5348	8
5349	1
5350	5
5351	9
5352	1
5353	8
5354	8
5355	5
5356	8
5357	1
5358	5
5359	7
5360	5
5361	8
5362	5
5363	1
5364	5
5365	5
5366	8
5367	6
5368	1
5369	4
5370	5
5371	8
5372	4
5373	6
5374	8
5375	7
5376	6
5377	5
5378	5
5379	8
5380	7
5381	8
5382	8
5383	5
5384	8
5385	3
5386	5
5387	4
5388	7
5389	1
5390	7
5391	4
5392	8
5393	8
5394	8
5395	4
5396	8
5397	8
5398	4
5399	9
5400	7
5401	4
5402	1
5403	6
5404	5
5405	8
5406	5
5407	9
5408	8
5409	9
5410	9
5411	5
5412	8
5413	5
5414	5
5415	3
5416	8
5417	6
5418	4
5419	8
5420	5
5421	9
5422	9
5423	9
5424	6
5425	8
5426	5
5427	3
5428	8
5429	6
5430	8
5431	7
5432	8
5433	8
5434	5
5435	8
5436	5
5437	5
5438	5
5439	4
5440	4
5441	8
5442	9
5443	7
5444	9
5445	7
5446	9
5447	5
5448	9
5449	5
5450	1
5451	8
5452	3
5453	1
5454	5
5455	3
5456	9
5457	8
5458	5
5459	5
5460	8
5461	6
5462	8
5463	7
5464	5
5465	1
5466	9
5467	5
5468	5
5469	9
5470	4
5471	5
5472	9
5473	9
5474	9
5475	7
5476	9
5477	8
5478	5
5479	9
5480	1
5481	8
5482	9
5483	3
5484	1
5485	5
5486	7
5487	1
5488	5
5489	6
5490	5
5491	7
5492	5
5493	1
5494	3
5495	7
5496	3
5497	3
5498	9
5499	5
5500	1
5501	9
5502	5
5503	1
5504	7
5505	7
5506	9
5507	3
5508	5
5509	1
5510	4
5511	1
5512	3
5513	7
5514	7
5515	7
5516	6
5517	1
5518	7
5519	3
5520	4
5521	3
5522	7
5523	6
5524	3
5525	7
5526	3
5527	1
5528	4
5529	3
5530	9
5531	7
5532	9
5533	3
5534	4
5535	1
5536	5
5537	5
5538	3
5539	1
5540	4
5541	7
5542	9
5543	3
5544	5
5545	4
5546	4
5547	3
5548	1
5549	3
5550	4
5551	3
5552	5
5553	3
5554	4
5555	6
5556	5
5557	9
5558	7
5559	5
5560	3
5561	3
5562	3
5563	7
5564	4
5565	1
5566	7
5567	3
5568	5
5569	3
5570	5
5571	5
5572	3
5573	3
5574	3
5575	3
5576	9
5577	3
5578	3
5579	5
5580	4
5581	4
5582	5
5583	3
5584	5
5585	1
5586	3
5587	4
5588	5
5589	9
5590	5
5591	3
5592	3
5593	3
5594	1
5595	6
5596	5
5597	9
5598	7
5599	5
5600	5
5601	9
5602	5
5603	3
5604	6
5605	1
5606	1
5607	3
5608	3
5609	4
5610	6
5611	3
5612	1
5613	9
5614	7
5615	6
5616	3
5617	7
5618	3
5619	3
5620	5
5621	7
5622	3
5623	7
5624	7
5625	3
5626	3
5627	9
5628	4
5629	7
5630	7
5631	3
5632	1
5633	4
5634	9
5635	3
5636	9
5637	5
5638	5
5639	4
5640	9
5641	3
5642	4
5643	4
5644	7
5645	5
5646	1
5647	7
5648	4
5649	9
5650	9
5651	9
5652	5
5653	3
5654	3
5655	4
5656	7
5657	3
5658	5
5659	5
5660	7
5661	3
5662	3
5663	6
5664	9
5665	9
5666	7
5667	4
5668	9
5669	6
5670	1
5671	5
5672	1
5673	5
5674	5
5675	6
5676	3
5677	3
5678	9
5679	7
5680	4
5681	5
5682	1
5683	3
5684	6
5685	6
5686	4
5687	7
5688	9
5689	3
5690	5
5691	7
5692	7
5693	5
5694	9
5695	5
5696	3
5697	9
5698	6
5699	5
5700	3
5701	5
5702	7
5703	4
5704	5
5705	7
5706	3
5707	3
5708	3
5709	7
5710	1
5711	5
5712	6
5713	7
5714	1
5715	3
5716	5
5717	5
5718	5
5719	3
5720	7
5721	3
5722	9
5723	4
5724	9
5725	3
5726	7
5727	1
5728	5
5729	7
5730	9
5731	3
5732	3
5733	4
5734	3
5735	3
5736	3
5737	1
5738	3
5739	9
5740	3
5741	5
5742	3
5743	3
5744	9
5745	5
5746	3
5747	7
5748	9
5749	5
5750	1
5751	3
5752	1
5753	4
5754	7
5755	5
5756	3
5757	7
5758	6
5759	3
5760	3
5761	5
5762	3
5763	4
5764	3
5765	5
5766	3
5767	5
5768	5
5769	9
5770	5
5771	5
5772	1
5773	7
5774	3
5775	5
5776	3
5777	4
5778	6
5779	3
5780	7
5781	1
5782	3
5783	1
5784	5
5785	5
5786	5
5787	6
5788	9
5789	3
5790	3
5791	9
5792	4
5793	5
5794	5
5795	3
5796	1
5797	3
5798	1
5799	9
5800	3
5801	7
5802	3
5803	3
5804	3
5805	1
5806	3
5807	9
5808	1
5809	4
5810	5
5811	1
5812	5
5813	5
5814	3
5815	7
5816	3
5817	4
5818	3
5819	6
5820	5
5821	6
5822	7
5823	3
5824	6
5825	1
5826	7
5827	5
5828	4
5829	7
5830	3
5831	4
5832	9
5833	1
5834	3
5835	3
5836	3
5837	5
5838	1
5839	5
5840	3
5841	4
5842	3
5843	9
5844	3
5845	5
5846	7
5847	7
5848	3
5849	3
5850	4
5851	3
5852	1
5853	5
5854	4
5855	4
5856	3
5857	1
5858	3
5859	1
5860	7
5861	9
5862	9
5863	5
5864	9
5865	7
5866	3
5867	3
5868	5
5869	4
5870	5
5871	6
5872	9
5873	5
5874	9
5875	7
5876	1
5877	1
5878	5
5879	9
5880	7
5881	5
5882	1
5883	3
5884	1
5885	9
5886	1
5887	3
5888	1
5889	3
5890	5
5891	7
5892	3
5893	3
5894	6
5895	4
5896	6
5897	6
5898	1
5899	3
5900	5
5901	5
5902	5
5903	7
5904	3
5905	4
5906	1
5907	4
5908	5
5909	3
5910	5
5911	4
5912	3
5913	4
5914	9
5915	9
5916	5
5917	4
5918	6
5919	9
5920	3
5921	5
5922	3
5923	5
5924	5
5925	6
5926	4
5927	9
5928	6
5929	5
5930	4
5931	4
5932	3
5933	3
5934	5
5935	4
5936	5
5937	1
5938	5
5939	5
5940	5
5941	5
5942	3
5943	6
5944	3
5945	1
5946	5
5947	3
5948	1
5949	6
5950	4
5951	3
5952	3
5953	9
5954	9
5955	4
5956	3
5957	4
5958	3
5959	4
5960	1
5961	9
5962	3
5963	4
5964	4
5965	3
5966	9
5967	4
5968	5
5969	9
5970	4
5971	4
5972	9
5973	9
5974	5
5975	9
5976	6
5977	4
5978	5
5979	9
5980	5
5981	3
5982	3
5983	4
5984	6
5985	5
5986	3
5987	6
5988	5
5989	5
5990	3
5991	3
5992	4
5993	5
5994	3
5995	5
5996	9
5997	4
5998	4
5999	5
6000	3
6001	6
6002	5
6003	5
6004	3
6005	5
6006	5
6007	4
6008	3
6009	3
6010	9
6011	9
6012	9
6013	6
6014	5
6015	5
6016	3
6017	3
6018	3
6019	3
6020	5
6021	5
6022	3
6023	9
6024	1
6025	4
6026	4
6027	3
6028	4
6029	9
6030	5
6031	3
6032	4
6033	9
6034	3
6035	4
6036	9
6037	5
6038	4
6039	5
6040	3
6041	5
6042	6
6043	4
6044	4
6045	3
6046	5
6047	5
6048	5
6049	5
6050	5
6051	3
6052	6
6053	3
6054	5
6055	3
6056	4
6057	4
6058	3
6059	5
6060	5
6061	5
6062	6
6063	5
6064	3
6065	4
6066	6
6067	9
6068	5
6069	4
6070	3
6071	6
6072	4
6073	6
6074	1
6075	1
6076	9
6077	6
6078	3
6079	5
6080	5
6081	6
6082	6
6083	5
6084	3
6085	5
6086	3
6087	5
6088	5
6089	6
6090	9
6091	4
6092	6
6093	6
6094	9
6095	9
6096	6
6097	5
6098	5
6099	3
6100	5
6101	1
6102	3
6103	3
6104	4
6105	6
6106	3
6107	5
6108	3
6109	5
6110	3
6111	6
6112	9
6113	6
6114	4
6115	4
6116	1
6117	9
6118	9
6119	6
6120	5
6121	4
6122	4
6123	6
6124	3
6125	3
6126	1
6127	6
6128	5
6129	4
6130	4
6131	1
6132	3
6133	3
6134	5
6135	1
6136	3
6137	5
6138	3
6139	5
6140	6
6141	5
6142	5
6143	3
6144	3
6145	3
6146	5
6147	5
6148	3
6149	9
6150	5
6151	5
6152	9
6153	9
6154	4
6155	5
6156	3
6157	4
6158	6
6159	4
6160	9
6161	6
6162	3
6163	3
6164	5
6165	4
6166	9
6167	5
6168	6
6169	5
6170	5
6171	3
6172	3
6173	1
6174	1
6175	4
6176	6
6177	5
6178	6
6179	4
6180	5
6181	5
6182	3
6183	5
6184	4
6185	9
6186	9
6187	9
6188	6
6189	3
6190	3
6191	3
6192	9
6193	3
6194	9
6195	6
6196	5
6197	9
6198	1
6199	4
6200	6
6201	3
6202	6
6203	5
6204	3
6205	5
6206	3
6207	5
6208	3
6209	5
6210	9
6211	3
6212	9
6213	3
6214	9
6215	5
6216	4
6217	1
6218	5
6219	4
6220	3
6221	9
6222	6
6223	3
6224	4
6225	4
6226	1
6227	3
6228	6
6229	9
6230	3
6231	3
6232	6
6233	5
6234	5
6235	3
6236	1
6237	5
6238	6
6239	4
6240	3
6241	5
6242	3
6243	6
6244	3
6245	4
6246	1
6247	3
6248	5
6249	3
6250	5
6251	9
6252	6
6253	5
6254	5
6255	6
6256	1
6257	3
6258	5
6259	3
6260	3
6261	5
6262	3
6263	9
6264	1
6265	3
6266	5
6267	3
6268	4
6269	9
6270	1
6271	3
6272	1
6273	5
6274	5
6275	9
6276	3
6277	3
6278	4
6279	6
6280	9
6281	6
6282	3
6283	9
6284	3
6285	5
6286	5
6287	5
6288	3
6289	5
6290	9
6291	3
6292	9
6293	3
6294	5
6295	3
6296	3
6297	3
6298	5
6299	6
6300	9
6301	3
6302	6
6303	1
6304	9
6305	5
6306	3
6307	6
6308	9
6309	3
6310	3
6311	5
6312	3
6313	6
6314	6
6315	1
6316	6
6317	1
6318	9
6319	6
6320	5
6321	1
6322	3
6323	6
6324	1
6325	3
6326	6
6327	1
6328	4
6329	3
6330	5
6331	5
6332	3
6333	9
6334	3
6335	3
6336	9
6337	3
6338	3
6339	5
6340	5
6341	5
6342	9
6343	3
6344	9
6345	9
6346	5
6347	4
6348	4
6349	4
6350	3
6351	6
6352	4
6353	6
6354	5
6355	5
6356	3
6357	3
6358	5
6359	3
6360	5
6361	5
6362	3
6363	4
6364	6
6365	5
6366	9
6367	1
6368	5
6369	9
6370	1
6371	4
6372	6
6373	5
6374	5
6375	3
6376	6
6377	6
6378	9
6379	6
6380	3
6381	1
6382	3
6383	9
6384	5
6385	5
6386	4
6387	3
6388	5
6389	4
6390	6
6391	3
6392	4
6393	3
6394	6
6395	6
6396	6
6397	5
6398	5
6399	5
6400	3
6401	3
6402	6
6403	5
6404	5
6405	5
6406	1
6407	6
6408	6
6409	3
6410	5
6411	6
6412	5
6413	5
6414	5
6415	5
6416	3
6417	5
6418	5
6419	6
6420	6
6421	6
6422	5
6423	9
6424	3
6425	3
6426	3
6427	9
6428	9
6429	5
6430	3
6431	3
6432	5
6433	6
6434	4
6435	6
6436	3
6437	5
6438	6
6439	4
6440	4
6441	9
6442	3
6443	9
6444	3
6445	4
6446	4
6447	5
6448	3
6449	5
6450	5
6451	4
6452	6
6453	5
6454	6
6455	3
6456	9
6457	6
6458	6
6459	6
6460	3
6461	5
6462	6
6463	5
6464	5
6465	6
6466	9
6467	9
6468	5
6469	6
6470	6
6471	4
6472	6
6473	3
6474	4
6475	5
6476	5
6477	6
6478	6
6479	3
6480	3
6481	6
6482	6
6483	6
6484	6
6485	3
6486	9
6487	3
6488	6
6489	4
6490	5
6491	6
6492	5
6493	6
6494	5
6495	3
6496	6
6497	5
6498	6
6499	3
6500	9
6501	3
6502	4
6503	5
6504	9
6505	5
6506	6
6507	3
6508	6
6509	5
6510	5
6511	6
6512	6
6513	4
6514	9
6515	9
6516	5
6517	3
6518	5
6519	4
6520	9
6521	3
6522	5
6523	3
6524	5
6525	3
6526	5
6527	6
6528	5
6529	9
6530	6
6531	5
6532	6
6533	5
6534	9
6535	5
6536	3
6537	5
6538	6
6539	5
6540	4
6541	9
6542	3
6543	4
6544	9
6545	5
6546	4
6547	6
6548	3
6549	3
6550	5
6551	6
6552	3
6553	9
6554	6
6555	5
6556	3
6557	4
6558	3
6559	5
6560	9
6561	5
6562	5
6563	3
6564	5
6565	3
6566	3
6567	5
6568	4
6569	5
6570	3
6571	6
6572	9
6573	5
6574	3
6575	3
6576	3
6577	3
6578	4
6579	6
6580	4
6581	5
6582	3
6583	5
6584	6
6585	3
6586	3
6587	9
6588	6
6589	5
6590	9
6591	6
6592	9
6593	3
6594	5
6595	3
6596	5
6597	5
6598	6
6599	6
6600	5
6601	9
6602	6
6603	9
6604	5
6605	9
6606	3
6607	5
6608	6
6609	5
6610	6
6611	5
6612	9
6613	5
6614	3
6615	9
6616	4
6617	6
6618	3
6619	6
6620	6
6621	5
6622	5
6623	6
6624	3
6625	9
6626	6
6627	5
6628	3
6629	9
6630	3
6631	3
6632	3
6633	6
6634	5
6635	3
6636	5
6637	6
6638	5
6639	6
6640	5
6641	9
6642	5
6643	6
6644	4
6645	5
6646	3
6647	3
6648	6
6649	6
6650	3
6651	9
6652	6
6653	3
6654	6
6655	5
6656	3
6657	5
6658	5
6659	6
6660	9
6661	5
6662	6
6663	9
6664	9
6665	6
6666	5
6667	5
6668	5
6669	3
6670	6
6671	6
6672	5
6673	9
6674	5
6675	3
6676	4
6677	6
6678	6
6679	6
6680	3
6681	6
6682	6
6683	3
6684	6
6685	3
6686	3
6687	5
6688	5
6689	5
6690	6
6691	3
6692	6
6693	6
6694	4
6695	3
6696	9
6697	4
6698	9
6699	3
6700	3
6701	3
6702	3
6703	6
6704	4
6705	5
6706	3
6707	3
6708	6
6709	9
6710	6
6711	6
6712	6
6713	3
6714	5
6715	5
6716	9
6717	3
6718	6
6719	6
6720	5
6721	5
6722	4
6723	6
6724	5
6725	6
6726	6
6727	3
6728	5
6729	6
6730	3
6731	9
6732	5
6733	3
6734	9
6735	3
6736	3
6737	9
6738	5
6739	9
6740	5
6741	5
6742	5
6743	3
6744	9
6745	6
6746	5
6747	3
6748	3
6749	5
6750	6
6751	3
6752	9
6753	6
6754	3
6755	4
6756	9
6757	3
6758	3
6759	3
6760	3
6761	6
6762	9
6763	4
6764	3
6765	5
6766	3
6767	6
6768	5
6769	6
6770	3
6771	3
6772	4
6773	9
6774	6
6775	4
6776	6
6777	6
6778	5
6779	3
6780	3
6781	6
6782	6
6783	6
6784	6
6785	3
6786	3
6787	5
6788	5
6789	3
6790	5
6791	6
6792	6
6793	6
6794	5
6795	6
6796	3
6797	6
6798	6
6799	3
6800	6
6801	4
6802	3
6803	5
6804	5
6805	3
6806	9
6807	5
6808	3
6809	3
6810	9
6811	4
6812	6
6813	3
6814	5
6815	5
6816	5
6817	5
6818	6
6819	9
6820	3
6821	5
6822	6
6823	3
6824	3
6825	9
6826	3
6827	6
6828	9
6829	4
6830	5
6831	5
6832	3
6833	3
6834	5
6835	9
6836	3
6837	6
6838	6
6839	3
6840	3
6841	6
6842	5
6843	4
6844	3
6845	3
6846	3
6847	5
6848	3
6849	5
6850	3
6851	3
6852	5
6853	3
6854	4
6855	6
6856	3
6857	3
6858	3
6859	6
6860	9
6861	5
6862	3
6863	5
6864	5
6865	3
6866	3
6867	4
6868	6
6869	6
6870	5
6871	3
6872	3
6873	5
6874	9
6875	5
6876	3
6877	4
6878	5
6879	3
6880	6
6881	3
6882	3
6883	5
6884	6
6885	6
6886	5
6887	4
6888	9
6889	5
6890	3
6891	9
6892	9
6893	9
6894	3
6895	9
6896	3
6897	6
6898	6
6899	3
6900	5
6901	9
6902	6
6903	4
6904	9
6905	6
6906	6
6907	3
6908	6
6909	3
6910	5
6911	3
6912	6
6913	4
6914	5
6915	9
6916	5
6917	3
6918	9
6919	5
6920	9
6921	3
6922	5
6923	6
6924	6
6925	3
6926	5
6927	6
6928	3
6929	5
6930	3
6931	6
6932	3
6933	9
6934	4
6935	6
6936	3
6937	5
6938	3
6939	3
6940	6
6941	6
6942	3
6943	5
6944	9
6945	3
6946	3
6947	3
6948	3
6949	5
6950	6
6951	5
6952	3
6953	5
6954	4
6955	5
6956	6
6957	5
6958	6
6959	3
6960	4
6961	5
6962	3
6963	4
6964	6
6965	5
6966	5
6967	3
6968	9
6969	3
6970	9
6971	6
6972	6
6973	3
6974	3
6975	6
6976	5
6977	6
6978	5
6979	3
6980	3
6981	6
6982	6
6983	5
6984	6
6985	6
6986	9
6987	3
6988	6
6989	3
6990	9
6991	9
6992	4
6993	9
6994	3
6995	9
6996	6
6997	5
6998	5
6999	4
7000	5
7001	4
7002	6
7003	6
7004	5
7005	9
7006	3
7007	6
7008	6
7009	4
7010	3
7011	3
7012	9
7013	4
7014	3
7015	5
7016	6
7017	9
7018	6
7019	9
7020	5
7021	5
7022	5
7023	4
7024	6
7025	3
7026	5
7027	5
7028	3
7029	6
7030	9
7031	5
7032	6
7033	5
7034	3
7035	3
7036	3
7037	4
7038	5
7039	3
7040	5
7041	4
7042	4
7043	3
7044	6
7045	9
7046	3
7047	5
7048	5
7049	6
7050	6
7051	6
7052	5
7053	5
7054	3
7055	5
7056	6
7057	6
7058	4
7059	5
7060	4
7061	3
7062	3
7063	3
7064	6
7065	5
7066	3
7067	9
7068	6
7069	9
7070	3
7071	6
7072	6
7073	5
7074	5
7075	3
7076	5
7077	3
7078	3
7079	6
7080	5
7081	5
7082	6
7083	5
7084	9
7085	3
7086	5
7087	6
7088	3
7089	3
7090	3
7091	3
7092	3
7093	6
7094	3
7095	6
7096	9
7097	5
7098	3
7099	3
7100	6
7101	9
7102	3
7103	5
7104	6
7105	6
7106	4
7107	3
7108	5
7109	5
7110	9
7111	3
7112	4
7113	5
7114	4
7115	3
7116	3
7117	4
7118	6
7119	4
7120	6
7121	3
7122	6
7123	3
7124	6
7125	3
7126	3
7127	9
7128	9
7129	3
7130	5
7131	6
7132	6
7133	5
7134	6
7135	6
7136	6
7137	6
7138	3
7139	5
7140	9
7141	6
7142	3
7143	4
7144	9
7145	6
7146	6
7147	6
7148	6
7149	4
7150	6
7151	6
7152	3
7153	6
7154	6
7155	9
7156	3
7157	9
7158	5
7159	5
7160	6
7161	6
7162	6
7163	5
7164	5
7165	3
7166	6
7167	5
7168	6
7169	6
7170	4
7171	6
7172	6
7173	9
7174	9
7175	6
7176	4
7177	6
7178	6
7179	6
7180	3
7181	9
7182	5
7183	6
7184	6
7185	6
7186	6
7187	6
7188	6
7189	6
7190	9
7191	4
7192	6
7193	6
7194	5
7195	6
7196	6
7197	6
7198	5
7199	9
7200	6
7201	6
7202	5
7203	6
7204	6
7205	5
7206	9
7207	5
7208	6
7209	9
7210	5
7211	9
7212	6
7213	4
7214	6
7215	6
7216	5
7217	6
7218	4
7219	9
7220	5
7221	3
7222	6
7223	5
7224	5
7225	5
7226	6
7227	4
7228	6
7229	6
7230	9
7231	6
7232	6
7233	5
7234	5
7235	5
7236	5
7237	9
7238	6
7239	6
7240	6
7241	6
7242	6
7243	5
7244	6
7245	6
7246	9
7247	6
7248	9
7249	6
7250	5
7251	4
7252	3
7253	5
7254	4
7255	3
7256	5
7257	9
7258	6
7259	4
7260	6
7261	5
7262	6
7263	9
7264	4
7265	6
7266	9
7267	6
7268	5
7269	6
7270	6
7271	9
7272	6
7273	6
7274	6
7275	6
7276	5
7277	6
7278	6
7279	6
7280	4
7281	5
7282	4
7283	6
7284	6
7285	4
7286	6
7287	4
7288	6
7289	4
7290	6
7291	4
7292	5
7293	5
7294	6
7295	4
7296	4
7297	6
7298	4
7299	4
7300	6
7301	6
7302	6
7303	3
7304	6
7305	5
7306	6
7307	4
7308	6
7309	5
7310	6
7311	4
7312	4
7313	6
7314	6
7315	4
7316	6
7317	6
7318	6
7319	4
7320	4
7321	6
7322	3
7323	4
7324	6
7325	6
7326	6
7327	5
7328	3
7329	4
7330	6
7331	6
7332	6
7333	6
7334	6
7335	4
7336	6
7337	4
7338	6
7339	6
7340	6
7341	3
7342	4
7343	6
7344	6
7345	5
7346	4
7347	5
7348	3
7349	6
7350	4
7351	6
7352	6
7353	6
7354	6
7355	6
7356	6
7357	6
7358	4
7359	4
7360	6
7361	4
7362	5
7363	6
7364	4
7365	6
7366	4
7367	4
7368	6
7369	6
7370	6
7371	6
7372	6
7373	6
7374	6
7375	4
7376	4
7377	6
7378	4
7379	4
7380	4
7381	6
7382	6
7383	5
7384	6
7385	6
7386	6
7387	6
7388	4
7389	6
7390	4
7391	6
7392	4
7393	3
7394	3
7395	6
7396	6
7397	6
7398	4
7399	4
7400	4
7401	6
7402	3
7403	4
7404	4
7405	4
7406	6
7407	6
7408	6
7409	6
7410	4
7411	6
7412	6
7413	6
7414	6
7415	3
7416	4
7417	6
7418	4
7419	4
7420	4
7421	3
7422	6
7423	6
7424	4
7425	4
7426	6
7427	4
7428	4
7429	4
7430	4
7431	6
7432	4
7433	4
7434	6
7435	4
7436	3
7437	4
7438	4
7439	4
7440	6
7441	6
7442	6
7443	6
7444	6
7445	6
7446	4
7447	6
7448	4
7449	3
7450	5
7451	3
7452	6
7453	4
7454	4
7455	4
7456	4
7457	6
7458	6
7459	6
7460	6
7461	6
7462	4
7463	6
7464	4
7465	6
7466	4
7467	4
7468	6
7469	6
7470	6
7471	3
7472	6
7473	6
7474	4
7475	6
7476	6
7477	4
7478	6
7479	6
7480	6
7481	4
7482	4
7483	6
7484	6
7485	4
7486	4
7487	6
7488	4
7489	6
7490	6
7491	4
7492	6
7493	5
7494	4
7495	6
7496	3
7497	3
7498	6
7499	6
7500	6
7501	4
7502	4
7503	4
7504	5
7505	6
7506	4
7507	4
7508	4
7509	4
7510	6
7511	6
7512	6
7513	4
7514	6
7515	5
7516	3
7517	6
7518	4
7519	6
7520	3
7521	4
7522	6
7523	3
7524	6
7525	4
7526	6
7527	6
7528	4
7529	6
7530	6
7531	4
7532	4
7533	6
7534	4
7535	6
7536	6
7537	4
7538	6
7539	6
7540	6
7541	4
7542	3
7543	4
7544	6
7545	6
7546	6
7547	4
7548	4
7549	4
7550	6
7551	4
7552	4
7553	4
7554	4
7555	6
7556	6
7557	4
7558	6
7559	6
7560	4
7561	4
7562	6
7563	3
7564	4
7565	3
7566	4
7567	4
7568	4
7569	6
7570	6
7571	6
7572	3
7573	6
7574	4
